{"camera_angle_x": 0.8836704333486497, "camera_angle_y": 0.6819013496909203, "fl_x": 1522.1201085541113, "fl_y": 1521.954743529035, "k1": 0.0652210706564525, "k2": 0.23102137964696204, "p1": -0.0018667704274258755, "p2": -0.00035823757611365637, "cx": 727.9348613007779, "cy": 541.5426465751151, "w": 1440, "h": 1080, "aabb_scale": 1, "frames": [{"file_path": "train_images/04003_image", "transform_matrix": [[-0.976167768605361, -0.19096423876188606, -0.10309775482581526, -0.04172075871938824], [-0.03616316521703427, -0.32528700044066683, 0.9449235909986581, 1.7154159475689612], [-0.21398297366266322, 0.926132294468996, 0.3106288140596056, 0.19281472633439642], [0.0, 0.0, 0.0, 1.0]]}, {"file_path": "train_images/04092_image", "transform_matrix": [[0.4761811136118626, -0.18004197056170307, 0.8607185578780239, 1.4858866746942483], [0.8528087799502491, 0.33320892226142446, -0.4021057062081408, -0.8446510416996946], [-0.21440319932112495, 0.9255034861963723, 0.31220916892241835, 0.1962235014269062], [0.0, 0.0, 0.0, 1.0]]}, {"file_path": "train_images/04051_image", "transform_matrix": [[0.5266027225256172, 0.37751557575122346, -0.7616899386849153, -1.4508212919877181], [-0.822899222529534, 0.0014829958776258478, -0.5681854189289931, -0.9009064102453046], [-0.21336926252133015, 0.9260020468597513, 0.31143822344512323, 0.19405570628319005], [0.0, 0.0, 0.0, 1.0]]}]}