{"camera_angle_x": 0.8836704333486497, "camera_angle_y": 0.6819013496909203, "fl_x": 1522.1201085541113, "fl_y": 1521.954743529035, "k1": 0.0652210706564525, "k2": 0.23102137964696204, "p1": -0.0018667704274258755, "p2": -0.00035823757611365637, "cx": 727.9348613007779, "cy": 541.5426465751151, "w": 1440, "h": 1080, "aabb_scale": 1, "frames": [{"file_path": "train_images/03954_image", "transform_matrix": [[-0.9764637411809256, -0.2030147625933822, -0.07282560214720582, 0.012003032088065135], [-0.007610684384377961, -0.3050104214611311, 0.9523186022982564, 1.7221920816939957], [-0.21554730256292198, 0.93045883786939, 0.2962865359556393, 0.17101086644037589], [0.0, 0.0, 0.0, 1.0]]}, {"file_path": "train_images/03954_image", "transform_matrix": [[-0.9764637411809256, -0.2030147625933822, -0.07282560214720582, 0.012003032088065135], [-0.007610684384377961, -0.3050104214611311, 0.9523186022982564, 1.7221920816939957], [-0.21554730256292198, 0.93045883786939, 0.2962865359556393, 0.17101086644037589], [0.0, 0.0, 0.0, 1.0]]}, {"file_path": "train_images/03954_image", "transform_matrix": [[-0.9764637411809256, -0.2030147625933822, -0.07282560214720582, 0.012003032088065135], [-0.007610684384377961, -0.3050104214611311, 0.9523186022982564, 1.7221920816939957], [-0.21554730256292198, 0.93045883786939, 0.2962865359556393, 0.17101086644037589], [0.0, 0.0, 0.0, 1.0]]}, {"file_path": "train_images/03954_image", "transform_matrix": [[-0.9764637411809256, -0.2030147625933822, -0.07282560214720582, 0.012003032088065135], [-0.007610684384377961, -0.3050104214611311, 0.9523186022982564, 1.7221920816939957], [-0.21554730256292198, 0.93045883786939, 0.2962865359556393, 0.17101086644037589], [0.0, 0.0, 0.0, 1.0]]}, {"file_path": "train_images/03954_image", "transform_matrix": [[-0.9764637411809256, -0.2030147625933822, -0.07282560214720582, 0.012003032088065135], [-0.007610684384377961, -0.3050104214611311, 0.9523186022982564, 1.7221920816939957], [-0.21554730256292198, 0.93045883786939, 0.2962865359556393, 0.17101086644037589], [0.0, 0.0, 0.0, 1.0]]}, {"file_path": "train_images/04046_image", "transform_matrix": [[0.4472099918389919, -0.17797739160003212, 0.8765427948928778, 1.516040034762651], [0.8678896049509001, 0.32330409571768637, -0.3771499639537829, -0.8004539847897822], [-0.21626570883415486, 0.9294076122839848, 0.2990495500933627, 0.1752716925191243], [0.0, 0.0, 0.0, 1.0]]}, {"file_path": "train_images/04046_image", "transform_matrix": [[0.4472099918389919, -0.17797739160003212, 0.8765427948928778, 1.516040034762651], [0.8678896049509001, 0.32330409571768637, -0.3771499639537829, -0.8004539847897822], [-0.21626570883415486, 0.9294076122839848, 0.2990495500933627, 0.1752716925191243], [0.0, 0.0, 0.0, 1.0]]}, {"file_path": "train_images/04046_image", "transform_matrix": [[0.4472099918389919, -0.17797739160003212, 0.8765427948928778, 1.516040034762651], [0.8678896049509001, 0.32330409571768637, -0.3771499639537829, -0.8004539847897822], [-0.21626570883415486, 0.9294076122839848, 0.2990495500933627, 0.1752716925191243], [0.0, 0.0, 0.0, 1.0]]}, {"file_path": "train_images/04046_image", "transform_matrix": [[0.4472099918389919, -0.17797739160003212, 0.8765427948928778, 1.516040034762651], [0.8678896049509001, 0.32330409571768637, -0.3771499639537829, -0.8004539847897822], [-0.21626570883415486, 0.9294076122839848, 0.2990495500933627, 0.1752716925191243], [0.0, 0.0, 0.0, 1.0]]}, {"file_path": "train_images/04046_image", "transform_matrix": [[0.4472099918389919, -0.17797739160003212, 0.8765427948928778, 1.516040034762651], [0.8678896049509001, 0.32330409571768637, -0.3771499639537829, -0.8004539847897822], [-0.21626570883415486, 0.9294076122839848, 0.2990495500933627, 0.1752716925191243], [0.0, 0.0, 0.0, 1.0]]}, {"file_path": "train_images/04046_image", "transform_matrix": [[0.4472099918389919, -0.17797739160003212, 0.8765427948928778, 1.516040034762651], [0.8678896049509001, 0.32330409571768637, -0.3771499639537829, -0.8004539847897822], [-0.21626570883415486, 0.9294076122839848, 0.2990495500933627, 0.1752716925191243], [0.0, 0.0, 0.0, 1.0]]}, {"file_path": "train_images/04046_image", "transform_matrix": [[0.4472099918389919, -0.17797739160003212, 0.8765427948928778, 1.516040034762651], [0.8678896049509001, 0.32330409571768637, -0.3771499639537829, -0.8004539847897822], [-0.21626570883415486, 0.9294076122839848, 0.2990495500933627, 0.1752716925191243], [0.0, 0.0, 0.0, 1.0]]}, {"file_path": "train_images/04046_image", "transform_matrix": [[0.4472099918389919, -0.17797739160003212, 0.8765427948928778, 1.516040034762651], [0.8678896049509001, 0.32330409571768637, -0.3771499639537829, -0.8004539847897822], [-0.21626570883415486, 0.9294076122839848, 0.2990495500933627, 0.1752716925191243], [0.0, 0.0, 0.0, 1.0]]}, {"file_path": "train_images/03996_image", "transform_matrix": [[0.450391611844165, 0.367379419323748, -0.8137442830753163, -1.5298046047778333], [-0.8669316308326998, -0.03798267206619041, -0.49697772996832346, -0.7634044579826604], [-0.21348757210238412, 0.9292952592583575, 0.30138576223466734, 0.17880706796295234], [0.0, 0.0, 0.0, 1.0]]}, {"file_path": "train_images/03996_image", "transform_matrix": [[0.450391611844165, 0.367379419323748, -0.8137442830753163, -1.5298046047778333], [-0.8669316308326998, -0.03798267206619041, -0.49697772996832346, -0.7634044579826604], [-0.21348757210238412, 0.9292952592583575, 0.30138576223466734, 0.17880706796295234], [0.0, 0.0, 0.0, 1.0]]}, {"file_path": "train_images/03996_image", "transform_matrix": [[0.450391611844165, 0.367379419323748, -0.8137442830753163, -1.5298046047778333], [-0.8669316308326998, -0.03798267206619041, -0.49697772996832346, -0.7634044579826604], [-0.21348757210238412, 0.9292952592583575, 0.30138576223466734, 0.17880706796295234], [0.0, 0.0, 0.0, 1.0]]}, {"file_path": "train_images/03996_image", "transform_matrix": [[0.450391611844165, 0.367379419323748, -0.8137442830753163, -1.5298046047778333], [-0.8669316308326998, -0.03798267206619041, -0.49697772996832346, -0.7634044579826604], [-0.21348757210238412, 0.9292952592583575, 0.30138576223466734, 0.17880706796295234], [0.0, 0.0, 0.0, 1.0]]}, {"file_path": "train_images/03996_image", "transform_matrix": [[0.450391611844165, 0.367379419323748, -0.8137442830753163, -1.5298046047778333], [-0.8669316308326998, -0.03798267206619041, -0.49697772996832346, -0.7634044579826604], [-0.21348757210238412, 0.9292952592583575, 0.30138576223466734, 0.17880706796295234], [0.0, 0.0, 0.0, 1.0]]}, {"file_path": "train_images/03996_image", "transform_matrix": [[0.450391611844165, 0.367379419323748, -0.8137442830753163, -1.5298046047778333], [-0.8669316308326998, -0.03798267206619041, -0.49697772996832346, -0.7634044579826604], [-0.21348757210238412, 0.9292952592583575, 0.30138576223466734, 0.17880706796295234], [0.0, 0.0, 0.0, 1.0]]}, {"file_path": "train_images/03996_image", "transform_matrix": [[0.450391611844165, 0.367379419323748, -0.8137442830753163, -1.5298046047778333], [-0.8669316308326998, -0.03798267206619041, -0.49697772996832346, -0.7634044579826604], [-0.21348757210238412, 0.9292952592583575, 0.30138576223466734, 0.17880706796295234], [0.0, 0.0, 0.0, 1.0]]}, {"file_path": "train_images/03996_image", "transform_matrix": [[0.450391611844165, 0.367379419323748, -0.8137442830753163, -1.5298046047778333], [-0.8669316308326998, -0.03798267206619041, -0.49697772996832346, -0.7634044579826604], [-0.21348757210238412, 0.9292952592583575, 0.30138576223466734, 0.17880706796295234], [0.0, 0.0, 0.0, 1.0]]}, {"file_path": "train_images/03954_image", "transform_matrix": [[-0.9764637411809256, -0.2030147625933822, -0.07282560214720582, 0.012003032088065135], [-0.007610684384377961, -0.3050104214611311, 0.9523186022982564, 1.7221920816939957], [-0.21554730256292198, 0.93045883786939, 0.2962865359556393, 0.17101086644037589], [0.0, 0.0, 0.0, 1.0]]}, {"file_path": "train_images/03954_image", "transform_matrix": [[-0.9764637411809256, -0.2030147625933822, -0.07282560214720582, 0.012003032088065135], [-0.007610684384377961, -0.3050104214611311, 0.9523186022982564, 1.7221920816939957], [-0.21554730256292198, 0.93045883786939, 0.2962865359556393, 0.17101086644037589], [0.0, 0.0, 0.0, 1.0]]}, {"file_path": "train_images/03954_image", "transform_matrix": [[-0.9764637411809256, -0.2030147625933822, -0.07282560214720582, 0.012003032088065135], [-0.007610684384377961, -0.3050104214611311, 0.9523186022982564, 1.7221920816939957], [-0.21554730256292198, 0.93045883786939, 0.2962865359556393, 0.17101086644037589], [0.0, 0.0, 0.0, 1.0]]}, {"file_path": "train_images/03954_image", "transform_matrix": [[-0.9764637411809256, -0.2030147625933822, -0.07282560214720582, 0.012003032088065135], [-0.007610684384377961, -0.3050104214611311, 0.9523186022982564, 1.7221920816939957], [-0.21554730256292198, 0.93045883786939, 0.2962865359556393, 0.17101086644037589], [0.0, 0.0, 0.0, 1.0]]}]}