{"camera_angle_x": 0.8836704333486497, "camera_angle_y": 0.6819013496909203, "fl_x": 1522.1201085541113, "fl_y": 1521.954743529035, "k1": 0.0652210706564525, "k2": 0.23102137964696204, "p1": -0.0018667704274258755, "p2": -0.00035823757611365637, "cx": 727.9348613007779, "cy": 541.5426465751151, "w": 1440, "h": 1080, "aabb_scale": 1, "frames": [{"file_path": "train_images/04079_image", "transform_matrix": [[-0.9757032723993799, -0.17056271055284272, -0.13751903867468226, -0.10797172393190332], [-0.07596053887450435, -0.32539292152548394, 0.9425229138620479, 1.7177109287781065], [-0.20550698470620524, 0.9300687116498315, 0.3045309029425192, 0.19175710108377694], [0.0, 0.0, 0.0, 1.0]]}, {"file_path": "train_images/04079_image", "transform_matrix": [[-0.9757032723993799, -0.17056271055284272, -0.13751903867468226, -0.10797172393190332], [-0.07596053887450435, -0.32539292152548394, 0.9425229138620479, 1.7177109287781065], [-0.20550698470620524, 0.9300687116498315, 0.3045309029425192, 0.19175710108377694], [0.0, 0.0, 0.0, 1.0]]}, {"file_path": "train_images/04079_image", "transform_matrix": [[-0.9757032723993799, -0.17056271055284272, -0.13751903867468226, -0.10797172393190332], [-0.07596053887450435, -0.32539292152548394, 0.9425229138620479, 1.7177109287781065], [-0.20550698470620524, 0.9300687116498315, 0.3045309029425192, 0.19175710108377694], [0.0, 0.0, 0.0, 1.0]]}, {"file_path": "train_images/04079_image", "transform_matrix": [[-0.9757032723993799, -0.17056271055284272, -0.13751903867468226, -0.10797172393190332], [-0.07596053887450435, -0.32539292152548394, 0.9425229138620479, 1.7177109287781065], [-0.20550698470620524, 0.9300687116498315, 0.3045309029425192, 0.19175710108377694], [0.0, 0.0, 0.0, 1.0]]}, {"file_path": "train_images/04079_image", "transform_matrix": [[-0.9757032723993799, -0.17056271055284272, -0.13751903867468226, -0.10797172393190332], [-0.07596053887450435, -0.32539292152548394, 0.9425229138620479, 1.7177109287781065], [-0.20550698470620524, 0.9300687116498315, 0.3045309029425192, 0.19175710108377694], [0.0, 0.0, 0.0, 1.0]]}, {"file_path": "train_images/03793_image", "transform_matrix": [[0.4732363257413804, -0.24488445953986246, 0.8462145008652756, 1.472232432134284], [0.8581751574528393, 0.3450953389537446, -0.38005868778807667, -0.8087581780479245], [-0.19895421365126362, 0.9060578394938535, 0.3734654098603213, 0.3203549377290252], [0.0, 0.0, 0.0, 1.0]]}, {"file_path": "train_images/03793_image", "transform_matrix": [[0.4732363257413804, -0.24488445953986246, 0.8462145008652756, 1.472232432134284], [0.8581751574528393, 0.3450953389537446, -0.38005868778807667, -0.8087581780479245], [-0.19895421365126362, 0.9060578394938535, 0.3734654098603213, 0.3203549377290252], [0.0, 0.0, 0.0, 1.0]]}, {"file_path": "train_images/03793_image", "transform_matrix": [[0.4732363257413804, -0.24488445953986246, 0.8462145008652756, 1.472232432134284], [0.8581751574528393, 0.3450953389537446, -0.38005868778807667, -0.8087581780479245], [-0.19895421365126362, 0.9060578394938535, 0.3734654098603213, 0.3203549377290252], [0.0, 0.0, 0.0, 1.0]]}, {"file_path": "train_images/03793_image", "transform_matrix": [[0.4732363257413804, -0.24488445953986246, 0.8462145008652756, 1.472232432134284], [0.8581751574528393, 0.3450953389537446, -0.38005868778807667, -0.8087581780479245], [-0.19895421365126362, 0.9060578394938535, 0.3734654098603213, 0.3203549377290252], [0.0, 0.0, 0.0, 1.0]]}, {"file_path": "train_images/03793_image", "transform_matrix": [[0.4732363257413804, -0.24488445953986246, 0.8462145008652756, 1.472232432134284], [0.8581751574528393, 0.3450953389537446, -0.38005868778807667, -0.8087581780479245], [-0.19895421365126362, 0.9060578394938535, 0.3734654098603213, 0.3203549377290252], [0.0, 0.0, 0.0, 1.0]]}, {"file_path": "train_images/03793_image", "transform_matrix": [[0.4732363257413804, -0.24488445953986246, 0.8462145008652756, 1.472232432134284], [0.8581751574528393, 0.3450953389537446, -0.38005868778807667, -0.8087581780479245], [-0.19895421365126362, 0.9060578394938535, 0.3734654098603213, 0.3203549377290252], [0.0, 0.0, 0.0, 1.0]]}, {"file_path": "train_images/03793_image", "transform_matrix": [[0.4732363257413804, -0.24488445953986246, 0.8462145008652756, 1.472232432134284], [0.8581751574528393, 0.3450953389537446, -0.38005868778807667, -0.8087581780479245], [-0.19895421365126362, 0.9060578394938535, 0.3734654098603213, 0.3203549377290252], [0.0, 0.0, 0.0, 1.0]]}, {"file_path": "train_images/03793_image", "transform_matrix": [[0.4732363257413804, -0.24488445953986246, 0.8462145008652756, 1.472232432134284], [0.8581751574528393, 0.3450953389537446, -0.38005868778807667, -0.8087581780479245], [-0.19895421365126362, 0.9060578394938535, 0.3734654098603213, 0.3203549377290252], [0.0, 0.0, 0.0, 1.0]]}, {"file_path": "train_images/03997_image", "transform_matrix": [[0.49197641064617664, 0.3676182736638045, -0.7891869336450957, -1.4981475595896905], [-0.846432520328715, -0.010166662469506371, -0.5323989364228771, -0.8368678330283954], [-0.20374297508793807, 0.9299212030288778, 0.30616230378614634, 0.19547659505705972], [0.0, 0.0, 0.0, 1.0]]}, {"file_path": "train_images/03997_image", "transform_matrix": [[0.49197641064617664, 0.3676182736638045, -0.7891869336450957, -1.4981475595896905], [-0.846432520328715, -0.010166662469506371, -0.5323989364228771, -0.8368678330283954], [-0.20374297508793807, 0.9299212030288778, 0.30616230378614634, 0.19547659505705972], [0.0, 0.0, 0.0, 1.0]]}, {"file_path": "train_images/03997_image", "transform_matrix": [[0.49197641064617664, 0.3676182736638045, -0.7891869336450957, -1.4981475595896905], [-0.846432520328715, -0.010166662469506371, -0.5323989364228771, -0.8368678330283954], [-0.20374297508793807, 0.9299212030288778, 0.30616230378614634, 0.19547659505705972], [0.0, 0.0, 0.0, 1.0]]}, {"file_path": "train_images/03997_image", "transform_matrix": [[0.49197641064617664, 0.3676182736638045, -0.7891869336450957, -1.4981475595896905], [-0.846432520328715, -0.010166662469506371, -0.5323989364228771, -0.8368678330283954], [-0.20374297508793807, 0.9299212030288778, 0.30616230378614634, 0.19547659505705972], [0.0, 0.0, 0.0, 1.0]]}, {"file_path": "train_images/03997_image", "transform_matrix": [[0.49197641064617664, 0.3676182736638045, -0.7891869336450957, -1.4981475595896905], [-0.846432520328715, -0.010166662469506371, -0.5323989364228771, -0.8368678330283954], [-0.20374297508793807, 0.9299212030288778, 0.30616230378614634, 0.19547659505705972], [0.0, 0.0, 0.0, 1.0]]}, {"file_path": "train_images/03997_image", "transform_matrix": [[0.49197641064617664, 0.3676182736638045, -0.7891869336450957, -1.4981475595896905], [-0.846432520328715, -0.010166662469506371, -0.5323989364228771, -0.8368678330283954], [-0.20374297508793807, 0.9299212030288778, 0.30616230378614634, 0.19547659505705972], [0.0, 0.0, 0.0, 1.0]]}, {"file_path": "train_images/03997_image", "transform_matrix": [[0.49197641064617664, 0.3676182736638045, -0.7891869336450957, -1.4981475595896905], [-0.846432520328715, -0.010166662469506371, -0.5323989364228771, -0.8368678330283954], [-0.20374297508793807, 0.9299212030288778, 0.30616230378614634, 0.19547659505705972], [0.0, 0.0, 0.0, 1.0]]}, {"file_path": "train_images/03997_image", "transform_matrix": [[0.49197641064617664, 0.3676182736638045, -0.7891869336450957, -1.4981475595896905], [-0.846432520328715, -0.010166662469506371, -0.5323989364228771, -0.8368678330283954], [-0.20374297508793807, 0.9299212030288778, 0.30616230378614634, 0.19547659505705972], [0.0, 0.0, 0.0, 1.0]]}, {"file_path": "train_images/04079_image", "transform_matrix": [[-0.9757032723993799, -0.17056271055284272, -0.13751903867468226, -0.10797172393190332], [-0.07596053887450435, -0.32539292152548394, 0.9425229138620479, 1.7177109287781065], [-0.20550698470620524, 0.9300687116498315, 0.3045309029425192, 0.19175710108377694], [0.0, 0.0, 0.0, 1.0]]}, {"file_path": "train_images/04079_image", "transform_matrix": [[-0.9757032723993799, -0.17056271055284272, -0.13751903867468226, -0.10797172393190332], [-0.07596053887450435, -0.32539292152548394, 0.9425229138620479, 1.7177109287781065], [-0.20550698470620524, 0.9300687116498315, 0.3045309029425192, 0.19175710108377694], [0.0, 0.0, 0.0, 1.0]]}, {"file_path": "train_images/04079_image", "transform_matrix": [[-0.9757032723993799, -0.17056271055284272, -0.13751903867468226, -0.10797172393190332], [-0.07596053887450435, -0.32539292152548394, 0.9425229138620479, 1.7177109287781065], [-0.20550698470620524, 0.9300687116498315, 0.3045309029425192, 0.19175710108377694], [0.0, 0.0, 0.0, 1.0]]}, {"file_path": "train_images/04079_image", "transform_matrix": [[-0.9757032723993799, -0.17056271055284272, -0.13751903867468226, -0.10797172393190332], [-0.07596053887450435, -0.32539292152548394, 0.9425229138620479, 1.7177109287781065], [-0.20550698470620524, 0.9300687116498315, 0.3045309029425192, 0.19175710108377694], [0.0, 0.0, 0.0, 1.0]]}]}