{"camera_angle_x": 0.8836704333486497, "camera_angle_y": 0.6819013496909203, "fl_x": 1522.1201085541113, "fl_y": 1521.954743529035, "k1": 0.0652210706564525, "k2": 0.23102137964696204, "p1": -0.0018667704274258755, "p2": -0.00035823757611365637, "cx": 727.9348613007779, "cy": 541.5426465751151, "w": 1440, "h": 1080, "aabb_scale": 1, "frames": [{"file_path": "train_images/04110_image", "transform_matrix": [[-0.9715599919162186, -0.1681525234120024, -0.16672105739208024, -0.15913797441943311], [-0.10226118990314353, -0.33708646875364934, 0.9359035001659028, 1.7084436159186462], [-0.21357394772619284, 0.9263354907663696, 0.31030424972803466, 0.19762182122070732], [0.0, 0.0, 0.0, 1.0]]}, {"file_path": "train_images/04060_image", "transform_matrix": [[0.5052993370137562, -0.17723612777146375, 0.8445471775016691, 1.4507190163670471], [0.8357467200972162, 0.34427983451222666, -0.4277836081419894, -0.8859580284636002], [-0.21494185227685134, 0.9219863071438812, 0.32208888459396573, 0.21953757479500055], [0.0, 0.0, 0.0, 1.0]]}, {"file_path": "train_images/04012_image", "transform_matrix": [[0.5148083380088966, 0.37785697262122325, -0.7695430354165009, -1.463173897301823], [-0.8328178615813773, 0.007414080202944762, -0.5534974623661486, -0.8727284115845668], [-0.20343742169900686, 0.9258342938432712, 0.31850286622916285, 0.2125380051270559], [0.0, 0.0, 0.0, 1.0]]}]}