{
    "camera_angle_x": 0.8836704333486497,
    "camera_angle_y": 0.6819013496909203,
    "fl_x": 1522.1201085541113,
    "fl_y": 1521.954743529035,
    "k1": 0.0652210706564525,
    "k2": 0.23102137964696204,
    "p1": -0.0018667704274258755,
    "p2": -0.00035823757611365637,
    "cx": 727.9348613007779,
    "cy": 541.5426465751151,
    "w": 1440,
    "h": 1080,
    "aabb_scale": 1,
    "frames": [
        {
            "file_path": "train_images/00295_image",
            "transform_matrix": [
                [
                    -0.9937127009106728,
                    -0.006511835524837722,
                    -0.11177058668054528,
                    -0.061776221029348835
                ],
                [
                    -0.03495611798935369,
                    -0.9303566493638225,
                    0.3649857186242169,
                    0.7238414450008033
                ],
                [
                    -0.10636323549013636,
                    0.36659801006363785,
                    0.9242795903585942,
                    1.3391870734090239
                ],
                [
                    0,
                    0,
                    0,
                    1
                ]
            ]
        },
        {
            "file_path": "train_images/00490_image",
            "transform_matrix": [
                [
                    0.8004914584975124,
                    0.5829405734697153,
                    -0.13926131076262743,
                    -0.39612381473610103
                ],
                [
                    -0.5893004715206576,
                    0.7231758111474093,
                    -0.3601967523962665,
                    -0.6057712716526544
                ],
                [
                    -0.10926289003159406,
                    0.3704011797687558,
                    0.922423214629737,
                    1.3328467072758436
                ],
                [
                    0,
                    0,
                    0,
                    1
                ]
            ]
        },
        {
            "file_path": "train_images/00532_image",
            "transform_matrix": [
                [
                    -0.33270897356828744,
                    -0.869224858246004,
                    0.36572241483719675,
                    0.7598223660066539
                ],
                [
                    0.9357714524654692,
                    -0.256286333060688,
                    0.24217577136652685,
                    0.32863042329732745
                ],
                [
                    -0.11677554391996112,
                    0.42280664764584786,
                    0.8986645709321566,
                    1.2908705437160994
                ],
                [
                    0,
                    0,
                    0,
                    1
                ]
            ]
        },
        {
            "file_path": "train_images/00579_image",
            "transform_matrix": [
                [
                    -0.3343091833070708,
                    0.8311055391016287,
                    -0.44441079288328544,
                    -0.8060645020555721
                ],
                [
                    -0.9348760152736184,
                    -0.3521488704406664,
                    0.04469909521997005,
                    0.2351445151836914
                ],
                [
                    -0.11934909309534171,
                    0.43041230921286844,
                    0.8947072359466898,
                    1.282189764989496
                ],
                [
                    0,
                    0,
                    0,
                    1
                ]
            ]
        },
        {
            "file_path": "train_images/00604_image",
            "transform_matrix": [
                [
                    0.7672195141538496,
                    0.6112638140867754,
                    -0.1942440904882799,
                    -0.49261136084667656
                ],
                [
                    -0.6307446295875017,
                    0.6641247854030529,
                    -0.40137199909793686,
                    -0.6725518418136898
                ],
                [
                    -0.11634186412489858,
                    0.4304588470474697,
                    0.8950808631908665,
                    1.2819407351515055
                ],
                [
                    0,
                    0,
                    0,
                    1
                ]
            ]
        },
        {
            "file_path": "train_images/00736_image",
            "transform_matrix": [
                [
                    0.7188642574672692,
                    0.6589069200245049,
                    -0.22153069782730392,
                    -0.5380533005436012
                ],
                [
                    -0.6851331248827647,
                    0.6176593872479686,
                    -0.38612107237606413,
                    -0.6343635882598742
                ],
                [
                    -0.11758733147924394,
                    0.42934665724596527,
                    0.8954522139049664,
                    1.2831938795802855
                ],
                [
                    0,
                    0,
                    0,
                    1
                ]
            ]
        },
        {
            "file_path": "train_images/00767_image",
            "transform_matrix": [
                [
                    0.344003422523511,
                    -0.8051316644479688,
                    0.4831404021558889,
                    0.8733868192208749
                ],
                [
                    0.9313163753027026,
                    0.3581228739099924,
                    -0.06631603332138666,
                    -0.2637452579025548
                ],
                [
                    -0.11963049103446143,
                    0.47276951052885263,
                    0.8730277976841073,
                    1.2427671518087504
                ],
                [
                    0,
                    0,
                    0,
                    1
                ]
            ]
        },
        {
            "file_path": "train_images/00864_image",
            "transform_matrix": [
                [
                    0.8318504301708269,
                    0.5272561386890761,
                    -0.17327961807233974,
                    -0.4572296095049911
                ],
                [
                    -0.5416397105569282,
                    0.7031511293629349,
                    -0.4606570451251518,
                    -0.7928019378543916
                ],
                [
                    -0.12104249572946328,
                    0.47705288332669676,
                    0.870499431784575,
                    1.2364602853346605
                ],
                [
                    0,
                    0,
                    0,
                    1
                ]
            ]
        },
        {
            "file_path": "train_images/00972_image",
            "transform_matrix": [
                [
                    -0.012498024946299122,
                    0.8778818965635232,
                    -0.47871408487579836,
                    -0.9130853849741866
                ],
                [
                    -0.9926639958037975,
                    -0.06847120285634123,
                    -0.09964881240759457,
                    -0.034520217919581375
                ],
                [
                    -0.12025801764240042,
                    0.4739568229970291,
                    0.8722975060879647,
                    1.2412877804800784
                ],
                [
                    0,
                    0,
                    0,
                    1
                ]
            ]
        },
        {
            "file_path": "train_images/01121_image",
            "transform_matrix": [
                [
                    0.8738141537703598,
                    0.4587334057187915,
                    -0.1612838713208134,
                    -0.43867823157069724
                ],
                [
                    -0.4694733070597735,
                    0.7094919515756024,
                    -0.5255625411002981,
                    -0.9224718131757323
                ],
                [
                    -0.12666348577608985,
                    0.5349624595493421,
                    0.8353271983145101,
                    1.1703554986815337
                ],
                [
                    0,
                    0,
                    0,
                    1
                ]
            ]
        },
        {
            "file_path": "train_images/01267_image",
            "transform_matrix": [
                [
                    0.9921828718877221,
                    0.09270062027016715,
                    0.08354486060888597,
                    0.009022897678794134
                ],
                [
                    -0.026944852150898594,
                    0.8128168483445283,
                    -0.5818958205639858,
                    -1.090920755292879
                ],
                [
                    -0.121848773794397,
                    0.5750959624695643,
                    0.8089607594166774,
                    1.1162717215973692
                ],
                [
                    0,
                    0,
                    0,
                    1
                ]
            ]
        },
        {
            "file_path": "train_images/01315_image",
            "transform_matrix": [
                [
                    -0.9401455573638491,
                    -0.3304804789205453,
                    0.08312029849239291,
                    0.3001646484722351
                ],
                [
                    0.3136883747504412,
                    -0.7439860116025703,
                    0.5899867948404667,
                    1.0747774975698006
                ],
                [
                    -0.13313877915710437,
                    0.5807473354154518,
                    0.8031230278683389,
                    1.109750945912775
                ],
                [
                    0,
                    0,
                    0,
                    1
                ]
            ]
        },
        {
            "file_path": "train_images/01430_image",
            "transform_matrix": [
                [
                    -0.18164037991075008,
                    -0.8139724671007325,
                    0.5517749497646892,
                    1.073327652836966
                ],
                [
                    0.9743930858149097,
                    -0.07335638109940242,
                    0.21254871363547975,
                    0.2605752327673557
                ],
                [
                    -0.13253258732091638,
                    0.5762531250708721,
                    0.806453624918431,
                    1.117228926264068
                ],
                [
                    0,
                    0,
                    0,
                    1
                ]
            ]
        },
        {
            "file_path": "train_images/01570_image",
            "transform_matrix": [
                [
                    -0.6742703470846269,
                    -0.6282347654364204,
                    0.38817596337153953,
                    0.8329286211314624
                ],
                [
                    0.7240765835207129,
                    -0.45909111501050304,
                    0.5147314341628897,
                    0.8650926472687457
                ],
                [
                    -0.145164045959559,
                    0.6281372681313051,
                    0.7644416080677399,
                    1.0362824061259097
                ],
                [
                    0,
                    0,
                    0,
                    1
                ]
            ]
        },
        {
            "file_path": "train_images/01863_image",
            "transform_matrix": [
                [
                    -0.3574676956592924,
                    0.6435428988885031,
                    -0.6768082326997931,
                    -1.214581131477552
                ],
                [
                    -0.9215266366024056,
                    -0.3607459126031837,
                    0.14370471311809496,
                    0.4133401801327869
                ],
                [
                    -0.1516756558986753,
                    0.6750666069583637,
                    0.7219969332188528,
                    0.9549397687952045
                ],
                [
                    0,
                    0,
                    0,
                    1
                ]
            ]
        },
        {
            "file_path": "train_images/02041_image",
            "transform_matrix": [
                [
                    0.9836084434462153,
                    0.04876344213324252,
                    0.17359883839654972,
                    0.17705861733392295
                ],
                [
                    0.0896954420529357,
                    0.7028646472335909,
                    -0.7056458143744129,
                    -1.3262924772436726
                ],
                [
                    -0.15642620514556355,
                    0.7096502056510079,
                    0.6869697431206416,
                    0.8866265380293463
                ],
                [
                    0,
                    0,
                    0,
                    1
                ]
            ]
        },
        {
            "file_path": "train_images/02152_image",
            "transform_matrix": [
                [
                    0.9733499074942771,
                    0.22919380357068017,
                    -0.0077561579204347975,
                    -0.16163721955879656
                ],
                [
                    -0.161263143650992,
                    0.6600290147897768,
                    -0.7337274004256867,
                    -1.3411463377570152
                ],
                [
                    -0.16304648441681213,
                    0.7154242797392614,
                    0.679399693758304,
                    0.872392183954724
                ],
                [
                    0,
                    0,
                    0,
                    1
                ]
            ]
        },
        {
            "file_path": "train_images/02243_image",
            "transform_matrix": [
                [
                    -0.653164043621076,
                    0.4369365863429918,
                    -0.6184360529880986,
                    -1.0552123670906504
                ],
                [
                    -0.7392426984470953,
                    -0.5448402860187296,
                    0.3958147237328162,
                    0.8566645184542454
                ],
                [
                    -0.1640029417822188,
                    0.7157062821059782,
                    0.6788722654821127,
                    0.8723745840378998
                ],
                [
                    0,
                    0,
                    0,
                    1
                ]
            ]
        },
        {
            "file_path": "train_images/02403_image",
            "transform_matrix": [
                [
                    0.7610103792427986,
                    0.5073060303281256,
                    -0.4043560241636704,
                    -0.8666582600870465
                ],
                [
                    -0.6258334844418791,
                    0.40992240739411256,
                    -0.6635480914504626,
                    -1.1346811058250914
                ],
                [
                    -0.17086735333605452,
                    0.7580265242779661,
                    0.6294443073497431,
                    0.7784222965853456
                ],
                [
                    0,
                    0,
                    0,
                    1
                ]
            ]
        },
        {
            "file_path": "train_images/02412_image",
            "transform_matrix": [
                [
                    0.9412168614006231,
                    0.31359172642716615,
                    -0.1255828369308067,
                    -0.3752040041575895
                ],
                [
                    -0.29212819647769644,
                    0.5689398584148078,
                    -0.7687447914162587,
                    -1.380232591589957
                ],
                [
                    -0.16962292485937322,
                    0.7602418474560368,
                    0.6271047733343954,
                    0.7731414269631854
                ],
                [
                    0,
                    0,
                    0,
                    1
                ]
            ]
        },
        {
            "file_path": "train_images/02582_image",
            "transform_matrix": [
                [
                    -0.4069335492829477,
                    -0.6015450022807041,
                    0.6874217749672252,
                    1.33642654706911
                ],
                [
                    0.8958075404306037,
                    -0.11558048550762687,
                    0.42915032550085913,
                    0.6657635871507356
                ],
                [
                    -0.1787006910329527,
                    0.790433274603827,
                    0.5859021261468643,
                    0.6969859533439615
                ],
                [
                    0,
                    0,
                    0,
                    1
                ]
            ]
        },
        {
            "file_path": "train_images/02833_image",
            "transform_matrix": [
                [
                    0.47392693616328857,
                    -0.39100073363449195,
                    0.7889940972378484,
                    1.3843374824198738
                ],
                [
                    0.859887973231946,
                    0.39852560073990306,
                    -0.3190141361224537,
                    -0.7130922380489493
                ],
                [
                    -0.1896995853182979,
                    0.8296359272911151,
                    0.5250888453184636,
                    0.5797741942315654
                ],
                [
                    0,
                    0,
                    0,
                    1
                ]
            ]
        },
        {
            "file_path": "train_images/03095_image",
            "transform_matrix": [
                [
                    0.1413767358819023,
                    -0.4542009863746156,
                    0.8796101878262355,
                    1.594946758231047
                ],
                [
                    0.9705110718701605,
                    0.2388336202576385,
                    -0.032661310629891444,
                    -0.20126572896871509
                ],
                [
                    -0.19524568606965675,
                    0.8582889757016319,
                    0.4745726037817951,
                    0.48521263457512
                ],
                [
                    0,
                    0,
                    0,
                    1
                ]
            ]
        },
        {
            "file_path": "train_images/03272_image",
            "transform_matrix": [
                [
                    -0.8509264877062618,
                    0.09109557594777165,
                    -0.5173255344197005,
                    -0.8217907190656542
                ],
                [
                    -0.4869412944208639,
                    -0.506164582115648,
                    0.7118185102955844,
                    1.3864259001933252
                ],
                [
                    -0.19700834578164092,
                    0.8576123902174194,
                    0.4750670477289981,
                    0.48860195995163974
                ],
                [
                    0,
                    0,
                    0,
                    1
                ]
            ]
        },
        {
            "file_path": "train_images/03962_image",
            "transform_matrix": [
                [
                    0.8099719675053716,
                    0.34810791076977976,
                    -0.4719812436050571,
                    -0.9756035820454363
                ],
                [
                    -0.5457845486604285,
                    0.1528973205976655,
                    -0.8238577764381344,
                    -1.4074415714064912
                ],
                [
                    -0.214626741807748,
                    0.9249017741433702,
                    0.3138344625553996,
                    0.18945345099256425
                ],
                [
                    0,
                    0,
                    0,
                    1
                ]
            ]
        }
    ]
}