{
    "camera_angle_x": 0.8836704333486497,
    "camera_angle_y": 0.6819013496909203,
    "fl_x": 1522.1201085541113,
    "fl_y": 1521.954743529035,
    "k1": 0.0652210706564525,
    "k2": 0.23102137964696204,
    "p1": -0.0018667704274258755,
    "p2": -0.00035823757611365637,
    "cx": 727.9348613007779,
    "cy": 541.5426465751151,
    "w": 1440,
    "h": 1080,
    "aabb_scale": 1,
    "frames": [
        {
            "file_path": "train_images/00057_image",
            "transform_matrix": [
                [
                    -0.9562037473576422,
                    0.23264147369285268,
                    -0.17762977863303228,
                    -0.19925302382950127
                ],
                [
                    -0.27473449065800054,
                    -0.9226917557326617,
                    0.2704826862219966,
                    0.5857769722959209
                ],
                [
                    -0.10097204158622984,
                    0.30743758491927403,
                    0.946195951268506,
                    1.3818291161391194
                ],
                [
                    0,
                    0,
                    0,
                    1
                ]
            ]
        },
        {
            "file_path": "train_images/00078_image",
            "transform_matrix": [
                [
                    -0.41431465850307486,
                    0.8493145016493672,
                    -0.3271211412268667,
                    -0.5812780102350875
                ],
                [
                    -0.90376921275092,
                    -0.42635601968087133,
                    0.0377061608423193,
                    0.2230267606386599
                ],
                [
                    -0.10744567852204574,
                    0.31126423143363535,
                    0.944229847228399,
                    1.3777927443690001
                ],
                [
                    0,
                    0,
                    0,
                    1
                ]
            ]
        },
        {
            "file_path": "train_images/00091_image",
            "transform_matrix": [
                [
                    0.16599201734920052,
                    0.9422673177289937,
                    -0.29082460713658703,
                    -0.6014196122913759
                ],
                [
                    -0.9799728988611617,
                    0.12472256174480711,
                    -0.15523337298874867,
                    -0.14716021479961164
                ],
                [
                    -0.10999894396763042,
                    0.31076773405812297,
                    0.9440993844899942,
                    1.3782347581785148
                ],
                [
                    0,
                    0,
                    0,
                    1
                ]
            ]
        },
        {
            "file_path": "train_images/00120_image",
            "transform_matrix": [
                [
                    0.9883555714966306,
                    0.1396977085796161,
                    0.06031429771765247,
                    -0.036387017983453285
                ],
                [
                    -0.11322244943161895,
                    0.9399991049923224,
                    -0.32184213452924,
                    -0.6147567260747568
                ],
                [
                    -0.10165599459094116,
                    0.3112655342810019,
                    0.9448702693663766,
                    1.377792765572794
                ],
                [
                    0,
                    0,
                    0,
                    1
                ]
            ]
        },
        {
            "file_path": "train_images/00177_image",
            "transform_matrix": [
                [
                    -0.9793619085373931,
                    -0.19837068129956897,
                    -0.03872111706471884,
                    0.07948004950013604
                ],
                [
                    0.17529740202936223,
                    -0.9290439712836052,
                    0.3258038063978748,
                    0.6225809738665362
                ],
                [
                    -0.10060354341548307,
                    0.31229212641745,
                    0.9446441419020797,
                    1.3765107722057608
                ],
                [
                    0,
                    0,
                    0,
                    1
                ]
            ]
        },
        {
            "file_path": "train_images/00203_image",
            "transform_matrix": [
                [
                    -0.3596751480881047,
                    0.8726657370925507,
                    -0.33028517852382533,
                    -0.5968592664268545
                ],
                [
                    -0.9263490267351013,
                    -0.3763953835600919,
                    0.014282713383029041,
                    0.17965083279907534
                ],
                [
                    -0.11185378185260599,
                    0.31109649072171575,
                    0.9437731215424091,
                    1.3772522943037446
                ],
                [
                    0,
                    0,
                    0,
                    1
                ]
            ]
        },
        {
            "file_path": "train_images/00248_image",
            "transform_matrix": [
                [
                    0.7421931961626526,
                    -0.585275917831983,
                    0.32649863640725396,
                    0.5232696702446386
                ],
                [
                    0.6593574297515048,
                    0.7249096544536611,
                    -0.19938348154088237,
                    -0.4870915606720688
                ],
                [
                    -0.11998766353819779,
                    0.36326036514572274,
                    0.923929038245276,
                    1.3397588149352202
                ],
                [
                    0,
                    0,
                    0,
                    1
                ]
            ]
        },
        {
            "file_path": "train_images/00276_image",
            "transform_matrix": [
                [
                    -0.6267418346729837,
                    -0.7480225685915391,
                    0.21830462557733044,
                    0.5256631883479608
                ],
                [
                    0.7708316816156588,
                    -0.5541482131319385,
                    0.3142264732645151,
                    0.49769468486125673
                ],
                [
                    -0.11407537546866862,
                    0.3652149979948739,
                    0.9239073622129474,
                    1.338177115700658
                ],
                [
                    0,
                    0,
                    0,
                    1
                ]
            ]
        },
        {
            "file_path": "train_images/00283_image",
            "transform_matrix": [
                [
                    -0.8314875338029567,
                    -0.5433145139611091,
                    0.11592161165839988,
                    0.3578895847347669
                ],
                [
                    0.5438709598224015,
                    -0.753549628930596,
                    0.3692794819651111,
                    0.6410119073791256
                ],
                [
                    -0.11328221480946059,
                    0.3700976839400173,
                    0.9220601087511043,
                    1.3335674374484385
                ],
                [
                    0,
                    0,
                    0,
                    1
                ]
            ]
        },
        {
            "file_path": "train_images/00305_image",
            "transform_matrix": [
                [
                    -0.9008284661948636,
                    0.3566965800292457,
                    -0.24753913688233117,
                    -0.3418436442289266
                ],
                [
                    -0.4198112589237693,
                    -0.8610287576654059,
                    0.2870330736239426,
                    0.6329905613777481
                ],
                [
                    -0.11075459978641743,
                    0.36248728014732834,
                    0.9253844554332772,
                    1.3423023096874531
                ],
                [
                    0,
                    0,
                    0,
                    1
                ]
            ]
        },
        {
            "file_path": "train_images/00342_image",
            "transform_matrix": [
                [
                    0.5165543683210477,
                    0.8154619012849724,
                    -0.261138798574898,
                    -0.5900182285647947
                ],
                [
                    -0.848962955936028,
                    0.44804053725131743,
                    -0.2802170166637148,
                    -0.40928986005420614
                ],
                [
                    -0.11150553357033477,
                    0.36644449038326216,
                    0.9237342428701808,
                    1.33804536653242
                ],
                [
                    0,
                    0,
                    0,
                    1
                ]
            ]
        },
        {
            "file_path": "train_images/00346_image",
            "transform_matrix": [
                [
                    0.6558560405499824,
                    0.7251670085763436,
                    -0.20972759414663844,
                    -0.5110386236947847
                ],
                [
                    -0.7465303955490152,
                    0.5818398080536946,
                    -0.32273023763736597,
                    -0.5080905809076324
                ],
                [
                    -0.1120054578827779,
                    0.3682325996384311,
                    0.9229623664960518,
                    1.3350132352210975
                ],
                [
                    0,
                    0,
                    0,
                    1
                ]
            ]
        },
        {
            "file_path": "train_images/00367_image",
            "transform_matrix": [
                [
                    0.9736319430717131,
                    -0.1497793701162052,
                    0.17206678853861723,
                    0.18463212156113754
                ],
                [
                    0.2011590137416423,
                    0.919429951514677,
                    -0.3379106619333109,
                    -0.6868086346972978
                ],
                [
                    -0.1075913129434258,
                    0.3636133998428982,
                    0.9253158405829862,
                    1.341201131832483
                ],
                [
                    0,
                    0,
                    0,
                    1
                ]
            ]
        },
        {
            "file_path": "train_images/00399_image",
            "transform_matrix": [
                [
                    -0.08793934735760404,
                    -0.9296795030944248,
                    0.3577187340808723,
                    0.714124485627215
                ],
                [
                    0.9902200042981528,
                    -0.042540372880616115,
                    0.13287083864770452,
                    0.10924097634159975
                ],
                [
                    -0.10830980691555518,
                    0.3659048212326278,
                    0.9243282141775365,
                    1.3387880365612914
                ],
                [
                    0,
                    0,
                    0,
                    1
                ]
            ]
        },
        {
            "file_path": "train_images/00404_image",
            "transform_matrix": [
                [
                    -0.26823575534998495,
                    -0.9065268452201705,
                    0.3259734014409584,
                    0.6803174873871137
                ],
                [
                    0.9567832389549134,
                    -0.2112402259215796,
                    0.1998584514288681,
                    0.24561840389936007
                ],
                [
                    -0.11231835649958664,
                    0.3654950695259311,
                    0.9240118727297104,
                    1.339022466490034
                ],
                [
                    0,
                    0,
                    0,
                    1
                ]
            ]
        },
        {
            "file_path": "train_images/00418_image",
            "transform_matrix": [
                [
                    -0.7493884674477453,
                    -0.6415533703227051,
                    0.16378705041576902,
                    0.4387236934435563
                ],
                [
                    0.6523849055108825,
                    -0.6731277583030559,
                    0.34827138277995195,
                    0.5830305844680537
                ],
                [
                    -0.11318506932399089,
                    0.3678427572067729,
                    0.9229739140694295,
                    1.3359497497453554
                ],
                [
                    0,
                    0,
                    0,
                    1
                ]
            ]
        },
        {
            "file_path": "train_images/00428_image",
            "transform_matrix": [
                [
                    -0.9730368112535077,
                    -0.2294182110697937,
                    -0.02380437722649656,
                    0.10675174931941346
                ],
                [
                    0.20323670242313793,
                    -0.9016109386430939,
                    0.3818279168778626,
                    0.7188554485572798
                ],
                [
                    -0.10906056452162098,
                    0.3666946955556552,
                    0.9239268334221985,
                    1.337140601555737
                ],
                [
                    0,
                    0,
                    0,
                    1
                ]
            ]
        },
        {
            "file_path": "train_images/00448_image",
            "transform_matrix": [
                [
                    -0.804110301000644,
                    0.5127132430733418,
                    -0.30088495177039043,
                    -0.46101597588245974
                ],
                [
                    -0.5837258518660657,
                    -0.7768000235139246,
                    0.23631727260613475,
                    0.5591514499746478
                ],
                [
                    -0.11256444237808702,
                    0.3656594779928215,
                    0.9239168753010888,
                    1.3391261244077017
                ],
                [
                    0,
                    0,
                    0,
                    1
                ]
            ]
        },
        {
            "file_path": "train_images/00454_image",
            "transform_matrix": [
                [
                    -0.6378087356465151,
                    0.6863292158794616,
                    -0.3495028242565106,
                    -0.5817309575773324
                ],
                [
                    -0.7622422405597619,
                    -0.6275320306911174,
                    0.15871457766417296,
                    0.43533530584939867
                ],
                [
                    -0.11039376540107704,
                    0.36763535995190405,
                    0.923394530346377,
                    1.3374791669684982
                ],
                [
                    0,
                    0,
                    0,
                    1
                ]
            ]
        },
        {
            "file_path": "train_images/00477_image",
            "transform_matrix": [
                [
                    0.34693538244424255,
                    0.8856899287360442,
                    -0.3085274550891834,
                    -0.6562883682999898
                ],
                [
                    -0.931310287279293,
                    0.2864335669665019,
                    -0.22498213378534562,
                    -0.28845245604371456
                ],
                [
                    -0.11089179057093393,
                    0.36538905546059713,
                    0.9242260810719337,
                    1.3389912530792913
                ],
                [
                    0,
                    0,
                    0,
                    1
                ]
            ]
        },
        {
            "file_path": "train_images/00490_image",
            "transform_matrix": [
                [
                    0.8004914584975124,
                    0.5829405734697153,
                    -0.13926131076262743,
                    -0.39612381473610103
                ],
                [
                    -0.5893004715206576,
                    0.7231758111474093,
                    -0.3601967523962665,
                    -0.6057712716526544
                ],
                [
                    -0.10926289003159406,
                    0.3704011797687558,
                    0.922423214629737,
                    1.3328467072758436
                ],
                [
                    0,
                    0,
                    0,
                    1
                ]
            ]
        },
        {
            "file_path": "train_images/00507_image",
            "transform_matrix": [
                [
                    0.8871134004478166,
                    -0.36596415502418544,
                    0.2812473146242388,
                    0.40920090604123543
                ],
                [
                    0.4460606850386053,
                    0.8363282252723487,
                    -0.31872396344751625,
                    -0.6801407608403786
                ],
                [
                    -0.11857352153327386,
                    0.4081976688446879,
                    0.9051601975015034,
                    1.3069238841491342
                ],
                [
                    0,
                    0,
                    0,
                    1
                ]
            ]
        },
        {
            "file_path": "train_images/00508_image",
            "transform_matrix": [
                [
                    0.8406050318117694,
                    -0.438286680689307,
                    0.31825770379220003,
                    0.4874543004677679
                ],
                [
                    0.5279352869933341,
                    0.794350631371785,
                    -0.300485286139792,
                    -0.6566111776465668
                ],
                [
                    -0.12110950928808253,
                    0.42060891570388304,
                    0.8991221423090433,
                    1.2938604627942913
                ],
                [
                    0,
                    0,
                    0,
                    1
                ]
            ]
        },
        {
            "file_path": "train_images/00516_image",
            "transform_matrix": [
                [
                    0.4430410734837907,
                    -0.7851028639404576,
                    0.4328141636300985,
                    0.7689230313327933
                ],
                [
                    0.8887921412317822,
                    0.44782969950925744,
                    -0.0974530139198984,
                    -0.3202955131202758
                ],
                [
                    -0.11731639651367606,
                    0.4278575151495408,
                    0.8962002063373489,
                    1.2858860819458573
                ],
                [
                    0,
                    0,
                    0,
                    1
                ]
            ]
        },
        {
            "file_path": "train_images/00523_image",
            "transform_matrix": [
                [
                    0.12214546231257187,
                    -0.8900518435800703,
                    0.4391903935381171,
                    0.8296388844935904
                ],
                [
                    0.9856526857062425,
                    0.1607138486726004,
                    0.05157365611348127,
                    -0.04780106845834249
                ],
                [
                    -0.11648720614951336,
                    0.42658970285809594,
                    0.8969124573886362,
                    1.2865593473592418
                ],
                [
                    0,
                    0,
                    0,
                    1
                ]
            ]
        },
        {
            "file_path": "train_images/00528_image",
            "transform_matrix": [
                [
                    -0.13836800590059073,
                    -0.9007569171462705,
                    0.4116931759894021,
                    0.8183314064112657
                ],
                [
                    0.9836449381578571,
                    -0.07659059667583125,
                    0.1630230540054547,
                    0.1684921663105486
                ],
                [
                    -0.11531231755332703,
                    0.4275170835346663,
                    0.8966226701943766,
                    1.2870872463912035
                ],
                [
                    0,
                    0,
                    0,
                    1
                ]
            ]
        },
        {
            "file_path": "train_images/00536_image",
            "transform_matrix": [
                [
                    -0.5246730519005057,
                    -0.7949343669939207,
                    0.3046268878175131,
                    0.6701866836178122
                ],
                [
                    0.8427612829305962,
                    -0.4344494390159755,
                    0.31781614957688953,
                    0.48797058145496697
                ],
                [
                    -0.12029799916284885,
                    0.4234773159340165,
                    0.8978838200383926,
                    1.2893043338964643
                ],
                [
                    0,
                    0,
                    0,
                    1
                ]
            ]
        },
        {
            "file_path": "train_images/00557_image",
            "transform_matrix": [
                [
                    -0.9924657996421542,
                    -0.003272453811181679,
                    -0.12247827393751538,
                    -0.08160646516260542
                ],
                [
                    -0.04902901604219104,
                    -0.9055086151918121,
                    0.4214858282307261,
                    0.8267163877899562
                ],
                [
                    -0.11228442512919569,
                    0.4243152588105456,
                    0.8985258866687958,
                    1.2898398956253825
                ],
                [
                    0,
                    0,
                    0,
                    1
                ]
            ]
        },
        {
            "file_path": "train_images/00577_image",
            "transform_matrix": [
                [
                    -0.47623515586097637,
                    0.7662786584433451,
                    -0.43129699040955405,
                    -0.7589658135878299
                ],
                [
                    -0.8710026343346943,
                    -0.47838394220458175,
                    0.11181777507546042,
                    0.355579485411659
                ],
                [
                    -0.12064197985815063,
                    0.4289123703684365,
                    0.8952539814157963,
                    1.2842598441445956
                ],
                [
                    0,
                    0,
                    0,
                    1
                ]
            ]
        },
        {
            "file_path": "train_images/00585_image",
            "transform_matrix": [
                [
                    0.07915775846053302,
                    0.9047401670099128,
                    -0.41854423837197813,
                    -0.8196002858125112
                ],
                [
                    -0.989890126830501,
                    0.021769944997409328,
                    -0.14015565025465157,
                    -0.11247801708401388
                ],
                [
                    -0.11769276137043581,
                    0.4254072163159495,
                    0.8973166187178953,
                    1.288103036106536
                ],
                [
                    0,
                    0,
                    0,
                    1
                ]
            ]
        },
        {
            "file_path": "train_images/00589_image",
            "transform_matrix": [
                [
                    0.2853229757327671,
                    0.8795526711576375,
                    -0.38075963307375915,
                    -0.7788233837877651
                ],
                [
                    -0.9512136904534735,
                    0.21120531535556278,
                    -0.2249107153059648,
                    -0.2823270525660499
                ],
                [
                    -0.11740236204132459,
                    0.42635597031708394,
                    0.8969042713478933,
                    1.2874080034924595
                ],
                [
                    0,
                    0,
                    0,
                    1
                ]
            ]
        },
        {
            "file_path": "train_images/00604_image",
            "transform_matrix": [
                [
                    0.7672195141538496,
                    0.6112638140867754,
                    -0.1942440904882799,
                    -0.49261136084667656
                ],
                [
                    -0.6307446295875017,
                    0.6641247854030529,
                    -0.40137199909793686,
                    -0.6725518418136898
                ],
                [
                    -0.11634186412489858,
                    0.4304588470474697,
                    0.8950808631908665,
                    1.2819407351515055
                ],
                [
                    0,
                    0,
                    0,
                    1
                ]
            ]
        },
        {
            "file_path": "train_images/00607_image",
            "transform_matrix": [
                [
                    0.8424317969355402,
                    0.5198262260068638,
                    -0.14173694743226894,
                    -0.40320567188524387
                ],
                [
                    -0.5264336224642481,
                    0.7380596664224788,
                    -0.4220610974012043,
                    -0.7280982980702239
                ],
                [
                    -0.11478810326478253,
                    0.4301727833740766,
                    0.8954189342386464,
                    1.2824883164184882
                ],
                [
                    0,
                    0,
                    0,
                    1
                ]
            ]
        },
        {
            "file_path": "train_images/00626_image",
            "transform_matrix": [
                [
                    0.9648037544778735,
                    -0.17067170339740434,
                    0.20006220283908632,
                    0.23849761811728917
                ],
                [
                    0.23805324213022003,
                    0.8900839300358554,
                    -0.3886917176931064,
                    -0.783472124150365
                ],
                [
                    -0.11173347419949893,
                    0.4226366845783209,
                    0.8993852698326534,
                    1.2924984729341
                ],
                [
                    0,
                    0,
                    0,
                    1
                ]
            ]
        },
        {
            "file_path": "train_images/00635_image",
            "transform_matrix": [
                [
                    0.80215996350506,
                    -0.49345883834940013,
                    0.3362108978073457,
                    0.5263041596617519
                ],
                [
                    0.5857659217358749,
                    0.7595523286063499,
                    -0.28276942027311297,
                    -0.632007704022163
                ],
                [
                    -0.11583470068369732,
                    0.42376719429839316,
                    0.8983338394795034,
                    1.2899897799809428
                ],
                [
                    0,
                    0,
                    0,
                    1
                ]
            ]
        },
        {
            "file_path": "train_images/00650_image",
            "transform_matrix": [
                [
                    0.3203222640085252,
                    -0.8390576973250675,
                    0.43974518501060145,
                    0.8014524251263583
                ],
                [
                    0.9402015758404053,
                    0.3383452741573921,
                    -0.039287049298436655,
                    -0.21624779668574376
                ],
                [
                    -0.11582160406276239,
                    0.4260336324926879,
                    0.8972628934807313,
                    1.2880067228855263
                ],
                [
                    0,
                    0,
                    0,
                    1
                ]
            ]
        },
        {
            "file_path": "train_images/00752_image",
            "transform_matrix": [
                [
                    0.9893645323277832,
                    -0.04207114828189806,
                    0.13924022642207023,
                    0.11749138811682734
                ],
                [
                    0.10087054417502755,
                    0.8881313445507681,
                    -0.4483835948652432,
                    -0.8708049633822463
                ],
                [
                    -0.10479959680104048,
                    0.4576600630475498,
                    0.8829293919683794,
                    1.261662589344702
                ],
                [
                    0,
                    0,
                    0,
                    1
                ]
            ]
        },
        {
            "file_path": "train_images/00772_image",
            "transform_matrix": [
                [
                    0.10015611936170532,
                    -0.8688246430212412,
                    0.4848839979143639,
                    0.9131019140788038
                ],
                [
                    0.987758105156258,
                    0.14540050754065847,
                    0.05650325747280395,
                    -0.037171929024827424
                ],
                [
                    -0.11959380189843824,
                    0.4732889520007116,
                    0.872751333692218,
                    1.2424123059355006
                ],
                [
                    0,
                    0,
                    0,
                    1
                ]
            ]
        },
        {
            "file_path": "train_images/00802_image",
            "transform_matrix": [
                [
                    -0.9804821156911925,
                    -0.19476859704487592,
                    -0.026833084334340104,
                    0.09931389637075488
                ],
                [
                    0.15703909538008246,
                    -0.8579397131165719,
                    0.4891606803287236,
                    0.9170659494443151
                ],
                [
                    -0.11829430811297906,
                    0.4753994554715278,
                    0.8717808293404062,
                    1.2409369089922366
                ],
                [
                    0,
                    0,
                    0,
                    1
                ]
            ]
        },
        {
            "file_path": "train_images/00817_image",
            "transform_matrix": [
                [
                    -0.8884620805200255,
                    0.3406300311297613,
                    -0.30758139308249044,
                    -0.4517390024382817
                ],
                [
                    -0.442704280970126,
                    -0.8128033743509114,
                    0.3786338524940631,
                    0.7973931827217956
                ],
                [
                    -0.12102913322316812,
                    0.4725694198065614,
                    0.8729433500376405,
                    1.2442132116533493
                ],
                [
                    0,
                    0,
                    0,
                    1
                ]
            ]
        },
        {
            "file_path": "train_images/01699_image",
            "transform_matrix": [
                [
                    -0.3890255043194908,
                    -0.7474460888096826,
                    0.5385011618483976,
                    1.074062022090768
                ],
                [
                    0.9098210883658658,
                    -0.22003176683946526,
                    0.3518687379496144,
                    0.5305546535790274
                ],
                [
                    -0.14451554986823065,
                    0.6268256263943038,
                    0.7656401830766666,
                    1.0386899071872056
                ],
                [
                    0,
                    0,
                    0,
                    1
                ]
            ]
        },
        {
            "file_path": "train_images/01975_image",
            "transform_matrix": [
                [
                    -0.9763619942933487,
                    -0.2159951596926456,
                    -0.00795908844426646,
                    0.13373948367566413
                ],
                [
                    0.15132113612928477,
                    -0.7093823342678788,
                    0.6883884205804147,
                    1.2730929185167892
                ],
                [
                    -0.154334603573073,
                    0.6709119128604023,
                    0.7252985835653745,
                    0.961860706159408
                ],
                [
                    0,
                    0,
                    0,
                    1
                ]
            ]
        },
        {
            "file_path": "train_images/01993_image",
            "transform_matrix": [
                [
                    -0.8107706739889636,
                    0.33338759664057815,
                    -0.48114823558410846,
                    -0.779277487765473
                ],
                [
                    -0.5647877112350418,
                    -0.6615505919642104,
                    0.49332104709781627,
                    1.016033480040529
                ],
                [
                    -0.1538367818090479,
                    0.671716848588765,
                    0.7246590369854041,
                    0.9614904206989365
                ],
                [
                    0,
                    0,
                    0,
                    1
                ]
            ]
        },
        {
            "file_path": "train_images/02064_image",
            "transform_matrix": [
                [
                    -0.09372250224453525,
                    -0.6981638147314111,
                    0.7097769934089911,
                    1.342042434182085
                ],
                [
                    0.9825672677609767,
                    0.0501048340872188,
                    0.17902812607470808,
                    0.1915263056335513
                ],
                [
                    -0.1605542179382167,
                    0.7141826050813448,
                    0.6812969614650218,
                    0.8764096577696799
                ],
                [
                    0,
                    0,
                    0,
                    1
                ]
            ]
        },
        {
            "file_path": "train_images/02422_image",
            "transform_matrix": [
                [
                    0.9763588780943047,
                    0.04060023250504022,
                    0.21230864863911564,
                    0.2482274326151379
                ],
                [
                    0.1353252723467837,
                    0.6510899906875531,
                    -0.7468392696496019,
                    -1.405026683927182
                ],
                [
                    -0.16855388405699706,
                    0.7579138771305212,
                    0.6302032553250434,
                    0.7801457754123874
                ],
                [
                    0,
                    0,
                    0,
                    1
                ]
            ]
        },
        {
            "file_path": "train_images/02926_image",
            "transform_matrix": [
                [
                    0.8533611901420554,
                    0.40146148874139387,
                    -0.3325708228586487,
                    -0.7406629885631997
                ],
                [
                    -0.4866583642323944,
                    0.38473650895950695,
                    -0.7843095404215745,
                    -1.3671810651054566
                ],
                [
                    -0.18691793836329662,
                    0.8311476954977346,
                    0.523693796589973,
                    0.5792158632477328
                ],
                [
                    0,
                    0,
                    0,
                    1
                ]
            ]
        },
        {
            "file_path": "train_images/03228_image",
            "transform_matrix": [
                [
                    0.056678161201886616,
                    -0.4741032659076957,
                    0.8786430898256867,
                    1.6058307214390948
                ],
                [
                    0.9793000758288938,
                    0.19768506619580845,
                    0.04349685143411763,
                    -0.0622702181184482
                ],
                [
                    -0.19431661669629754,
                    0.8579899229354712,
                    0.4754937903031842,
                    0.4882400944036057
                ],
                [
                    0,
