{
    "camera_angle_x": 0.8836704333486497,
    "camera_angle_y": 0.6819013496909203,
    "fl_x": 1522.1201085541113,
    "fl_y": 1521.954743529035,
    "k1": 0.0652210706564525,
    "k2": 0.23102137964696204,
    "p1": -0.0018667704274258755,
    "p2": -0.00035823757611365637,
    "cx": 727.9348613007779,
    "cy": 541.5426465751151,
    "w": 1440,
    "h": 1080,
    "aabb_scale": 1,
    "frames": [
        {
            "file_path": "train_images/01408_image",
            "transform_matrix": [
                [
                    0.6891287237593876,
                    -0.5300134469982434,
                    0.49415316258301717,
                    0.8326500526174313
                ],
                [
                    0.7117197070860082,
                    0.6232484913173753,
                    -0.3240623036022893,
                    -0.7156100877489249
                ],
                [
                    -0.13622283448513448,
                    0.5750191858291824,
                    0.806719452655742,
                    1.118771507384422
                ],
                [
                    0.0,
                    0.0,
                    0.0,
                    1.0
                ]
            ]
        },
        {
            "file_path": "train_images/01808_image",
            "transform_matrix": [
                [
                    -0.30365649393220273,
                    -0.7317932140997556,
                    0.6101404965172785,
                    1.1922297098844319
                ],
                [
                    0.9405940280701542,
                    -0.12814443068888284,
                    0.31442308955002657,
                    0.45312554310633546
                ],
                [
                    -0.15190657672255028,
                    0.669371120292003,
                    0.7272322155044183,
                    0.9652718141331758
                ],
                [
                    0.0,
                    0.0,
                    0.0,
                    1.0
                ]
            ]
        },
        {
            "file_path": "train_images/02532_image",
            "transform_matrix": [
                [
                    0.5418065562022313,
                    0.6065371065635191,
                    -0.5818577094254509,
                    -1.1638266864151041
                ],
                [
                    -0.8231052809683487,
                    0.2427697602949389,
                    -0.5133814760276743,
                    -0.8260831731049625
                ],
                [
                    -0.17012745839015533,
                    0.7570836029448083,
                    0.6307781432911368,
                    0.781591736354585
                ],
                [
                    0.0,
                    0.0,
                    0.0,
                    1.0
                ]
            ]
        }
    ]
}