{"camera_angle_x": 0.8836704333486497, "camera_angle_y": 0.6819013496909203, "fl_x": 1522.1201085541113, "fl_y": 1521.954743529035, "k1": 0.0652210706564525, "k2": 0.23102137964696204, "p1": -0.0018667704274258755, "p2": -0.00035823757611365637, "cx": 727.9348613007779, "cy": 541.5426465751151, "w": 1440, "h": 1080, "aabb_scale": 1, "frames": [{"file_path": "train_images/00989_image", "transform_matrix": [[0.6725874090545917, 0.6851698595454847, -0.2795861955670421, -0.6365768152994307], [-0.7300449209800609, 0.5525281506683712, -0.40217789107583524, -0.6528334901645614], [-0.12108092555166589, 0.47461026778759285, 0.8718282532575675, 1.24033090922206], [0.0, 0.0, 0.0, 1.0]]}, {"file_path": "train_images/02374_image", "transform_matrix": [[-0.39853648451238116, 0.5285120963073288, -0.7495622953226406, -1.3320943660772488], [-0.9010887305585982, -0.37792639149397256, 0.212628178453936, 0.5364216648224508], [-0.17090280914252637, 0.76016222391617, 0.6268537494168921, 0.773084998746779], [0.0, 0.0, 0.0, 1.0]]}, {"file_path": "train_images/02420_image", "transform_matrix": [[0.9839131996397669, 0.08881167352045523, 0.15500742634187648, 0.14034534843143537], [0.06138805138484908, 0.6467565876155156, -0.7602219567488859, -1.4197168259494393], [-0.1677686583417991, 0.7575080217545092, 0.630900367931231, 0.7813884765450736], [0.0, 0.0, 0.0, 1.0]]}, {"file_path": "train_images/01099_image", "transform_matrix": [[0.11493844153997601, 0.8466281198366145, -0.519624846748383, -1.004603641218701], [-0.9850135607750969, 0.029417713161615747, -0.16994964913616367, -0.16908166214576992], [-0.1285979772217501, 0.5313712683748153, 0.8373214050770553, 1.1754437640277844], [0.0, 0.0, 0.0, 1.0]]}, {"file_path": "train_images/03743_image", "transform_matrix": [[0.2981617033428404, -0.2990587380209162, 0.9064565460478693, 1.6041092985678829], [0.9314372314415088, 0.29871984326613615, -0.20782477985945813, -0.5115788604545427], [-0.20862474096873837, 0.9062727660326068, 0.3676212602711312, 0.2875460299040078], [0.0, 0.0, 0.0, 1.0]]}, {"file_path": "train_images/02281_image", "transform_matrix": [[0.7985675069064866, 0.49942050768955915, -0.335959958048964, -0.7476817260958335], [-0.5795160837781852, 0.4871330400231265, -0.6533471588368794, -1.127636105092741], [-0.1626377740734114, 0.716436010971622, 0.6784308340778122, 0.8708707999360858], [0.0, 0.0, 0.0, 1.0]]}, {"file_path": "train_images/03010_image", "transform_matrix": [[-0.9815921351406189, -0.16825708813671517, -0.09036831591788343, -0.017570622242877032], [0.01358031970687453, -0.5334505154512863, 0.8457222490164344, 1.562791893760572], [-0.1905057876987988, 0.8289270775264315, 0.5259158155035363, 0.5827368716343193], [0.0, 0.0, 0.0, 1.0]]}, {"file_path": "train_images/00311_image", "transform_matrix": [[-0.7604882255449155, 0.5665316018305442, -0.31733200742261003, -0.4996577859476082], [-0.6395915614637914, -0.7379317715579857, 0.21535861958510513, 0.5268702073618378], [-0.11216190668785406, 0.3667405685939457, 0.9235372553587292, 1.3383181898931096], [0.0, 0.0, 0.0, 1.0]]}, {"file_path": "train_images/02065_image", "transform_matrix": [[-0.1433013279600798, -0.7009465357200534, 0.698669223214343, 1.328556624466717], [0.9768964950467979, 0.012912977510747978, 0.21332250930712493, 0.25676657504077693], [-0.15854957385675666, 0.713096914222648, 0.6829017671349066, 0.8807696190422347], [0.0, 0.0, 0.0, 1.0]]}, {"file_path": "train_images/02939_image", "transform_matrix": [[0.9814672831396012, 0.13014420133824559, 0.1406572393607958, 0.11203475408467937], [0.04811429705247138, 0.543133464440296, -0.8382666963587593, -1.5487126154700095], [-0.18549120341869735, 0.8294989612188264, 0.5268059289635716, 0.5837556330684347], [0.0, 0.0, 0.0, 1.0]]}, {"file_path": "train_images/01139_image", "transform_matrix": [[0.9471911028163871, -0.18953632248647956, 0.25866000310016535, 0.3498760375557788], [0.295842024585998, 0.8277133551638056, -0.47683130997485207, -0.9473416188825395], [-0.12371948607367417, 0.5281728733490361, 0.8400755350704417, 1.181327998790371], [0.0, 0.0, 0.0, 1.0]]}, {"file_path": "train_images/02053_image", "transform_matrix": [[0.4384137427955047, -0.5627907756094077, 0.7007566860308921, 1.2442375864498765], [0.8837847372774684, 0.4117436957541384, -0.22224236131331848, -0.5435505054461327], [-0.16345619683399315, 0.7167521690903242, 0.6778999924921685, 0.869526861805328], [0.0, 0.0, 0.0, 1.0]]}, {"file_path": "train_images/01208_image", "transform_matrix": [[-0.9276238761155386, 0.23380088543602193, -0.2912921049903617, -0.4123291390611078], [-0.35054850338565, -0.8141882881375665, 0.46283169536420027, 0.9393020977018773], [-0.12895616012608568, 0.5314457426952927, 0.8372190462098819, 1.176230771151187], [0.0, 0.0, 0.0, 1.0]]}, {"file_path": "train_images/01897_image", "transform_matrix": [[0.9222967502272861, 0.3593744733116735, -0.14219244864669994, -0.4048301155645889], [-0.35528830727249927, 0.6435799012124084, -0.6779197072447952, -1.2121684689409609], [-0.15211483568550854, 0.6757624572935256, 0.7212531996996525, 0.9532578056179731], [0.0, 0.0, 0.0, 1.0]]}, {"file_path": "train_images/01676_image", "transform_matrix": [[0.6672451294494839, -0.507796765446576, 0.5449095174686679, 0.9269785132685773], [0.7297144268573892, 0.5923373023427582, -0.3415455686866629, -0.747858144675368], [-0.14933449856658604, 0.6255229534200155, 0.765780805637336, 1.0402000825945885], [0.0, 0.0, 0.0, 1.0]]}, {"file_path": "train_images/02255_image", "transform_matrix": [[-0.227645960990008, 0.6405253828310427, -0.7334197641147134, -1.334285184694897], [-0.960371497191216, -0.27208531845793177, 0.06046624564455823, 0.26336836687361176], [-0.1608225849426565, 0.7181203335296892, 0.6770814446900534, 0.868318308273472], [0.0, 0.0, 0.0, 1.0]]}, {"file_path": "train_images/01592_image", "transform_matrix": [[-0.9614505746406377, 0.09684327031961293, -0.2573600076099432, -0.33906992676356706], [-0.2352538729891457, -0.7742619114919621, 0.5875151978088907, 1.1490333783426347], [-0.14236715831537328, 0.625411763086221, 0.7671973141419292, 1.0430188588954323], [0.0, 0.0, 0.0, 1.0]]}, {"file_path": "train_images/02433_image", "transform_matrix": [[0.8210798781102646, -0.2469720569022092, 0.5146189239349103, 0.835113573823528], [0.5452650848255812, 0.606055206319275, -0.5791226762642375, -1.1553000640025943], [-0.16886035956548437, 0.7561097076501485, 0.632284974489053, 0.7853217647746701], [0.0, 0.0, 0.0, 1.0]]}, {"file_path": "train_images/01876_image", "transform_matrix": [[0.26023951446847504, 0.7353346854801912, -0.6257461909104687, -1.21184208585021], [-0.9538958271331941, 0.09543845482210458, -0.2845597517553186, -0.38485568006859205], [-0.1495264059860057, 0.670950371988061, 0.7262695451703801, 0.9643425058417294], [0.0, 0.0, 0.0, 1.0]]}, {"file_path": "train_images/02116_image", "transform_matrix": [[-0.32779933227601005, 0.605373423023622, -0.7253072565858313, -1.3029399525713248], [-0.9305632445071312, -0.33942744459824786, 0.13726273283693746, 0.40149312329568193], [-0.16309397822042063, 0.7199389061234058, 0.6746023463627078, 0.8633635478814998], [0.0, 0.0, 0.0, 1.0]]}, {"file_path": "train_images/02460_image", "transform_matrix": [[-0.1950632209796336, -0.6543611977832273, 0.7305900099623254, 1.390259882126316], [0.9661929831820831, -0.00016517581565209105, 0.2578198827993233, 0.33873890728740147], [-0.16858665152009367, 0.7561821179799546, 0.6322714174914066, 0.7835158478458769], [0.0, 0.0, 0.0, 1.0]]}, {"file_path": "train_images/03109_image", "transform_matrix": [[-0.5392595510901796, -0.5005025878887099, 0.6772712130858082, 1.3271470317882186], [0.8191858597820466, -0.12527153307651093, 0.5596798818376535, 0.9109447816730604], [-0.1952784260771455, 0.8566237228313053, 0.47755851347397005, 0.49465042392711933], [0.0, 0.0, 0.0, 1.0]]}, {"file_path": "train_images/03782_image", "transform_matrix": [[-0.9624841369333356, -0.25797950340027076, 0.08408841761528087, 0.29788709859324963], [0.17078948198843086, -0.3351839931675401, 0.9265433846109884, 1.664356606317762], [-0.21084411064531927, 0.9061447271543394, 0.3666694621270938, 0.28647543093334144], [0.0, 0.0, 0.0, 1.0]]}, {"file_path": "train_images/03960_image", "transform_matrix": [[0.7546479541943, 0.36085095665971956, -0.5479900111390014, -1.1043870812592649], [-0.619946165216488, 0.11862555398163924, -0.7756253800488481, -1.3081320496248803], [-0.21487954175241675, 0.9250484122576041, 0.3132286984233038, 0.1875031552112029], [0.0, 0.0, 0.0, 1.0]]}, {"file_path": "train_images/01090_image", "transform_matrix": [[-0.3003445926225184, 0.7823624971853013, -0.545620792016207, -0.9921103508096779], [-0.9453302670436667, -0.3203561169947884, 0.061013478143532016, 0.264335359549994], [-0.1270583011595986, 0.5341169172587599, 0.8358081758420624, 1.1723958622902055], [0.0, 0.0, 0.0, 1.0]]}]}