{"camera_angle_x": 0.8836704333486497, "camera_angle_y": 0.6819013496909203, "fl_x": 1522.1201085541113, "fl_y": 1521.954743529035, "k1": 0.0652210706564525, "k2": 0.23102137964696204, "p1": -0.0018667704274258755, "p2": -0.00035823757611365637, "cx": 727.9348613007779, "cy": 541.5426465751151, "w": 1440, "h": 1080, "aabb_scale": 1, "frames": [{"file_path": "train_images/03117_image", "transform_matrix": [[-0.8110292209636367, -0.41467509950898473, 0.4126453254192154, 0.88062082207785], [0.5508309369478571, -0.303749168295098, 0.7773813232006426, 1.3498452724983059], [-0.19702000315770604, 0.8577767801749181, 0.4747653249222059, 0.4887815030482988], [0.0, 0.0, 0.0, 1.0]]}, {"file_path": "train_images/02422_image", "transform_matrix": [[0.9763588780943047, 0.04060023250504022, 0.21230864863911564, 0.2482274326151379], [0.1353252723467837, 0.6510899906875531, -0.7468392696496019, -1.405026683927182], [-0.16855388405699706, 0.7579138771305212, 0.6302032553250434, 0.7801457754123874], [0.0, 0.0, 0.0, 1.0]]}, {"file_path": "train_images/01384_image", "transform_matrix": [[0.9759732571809695, 0.21780577320597477, -0.00607012567552892, -0.15788129912031681], [-0.17930272313160156, 0.7869913354000974, -0.590334796096896, -1.0839590048966907], [-0.12380119040284498, 0.5772393638373245, 0.8071356652332492, 1.1139117853895915], [0.0, 0.0, 0.0, 1.0]]}, {"file_path": "train_images/03347_image", "transform_matrix": [[0.29542784730702404, -0.36029329776112506, 0.8848226526394716, 1.5721701699103385], [0.9342822277895686, 0.3024511048924543, -0.1887857197615704, -0.479305162935694], [-0.19959735938157666, 0.8824466378981489, 0.425968103723923, 0.39587592504176206], [0.0, 0.0, 0.0, 1.0]]}, {"file_path": "train_images/03808_image", "transform_matrix": [[-0.5868630191085362, 0.18321488872850045, -0.7886850457254893, -1.3479217229219373], [-0.7820412116048436, -0.38061629186459445, 0.49350053872196953, 1.0212433598879724], [-0.20976973126369314, 0.9064014248198472, 0.36665121973083475, 0.28763114352500796], [0.0, 0.0, 0.0, 1.0]]}, {"file_path": "train_images/00532_image", "transform_matrix": [[-0.33270897356828744, -0.869224858246004, 0.36572241483719675, 0.7598223660066539], [0.9357714524654692, -0.256286333060688, 0.24217577136652685, 0.32863042329732745], [-0.11677554391996112, 0.42280664764584786, 0.8986645709321566, 1.2908705437160994], [0.0, 0.0, 0.0, 1.0]]}, {"file_path": "train_images/01632_image", "transform_matrix": [[0.42321192419928094, 0.7381185234896103, -0.5254262198416252, -1.0523267254937616], [-0.8944823156073136, 0.24808814798450046, -0.371959215365608, -0.560102662437792], [-0.14419796906101073, 0.627402037063268, 0.7652278285631943, 1.037667457972913], [0.0, 0.0, 0.0, 1.0]]}, {"file_path": "train_images/01680_image", "transform_matrix": [[0.43682484271227634, -0.6496776513728348, 0.6221760250090582, 1.1066312431504342], [0.8875318017010537, 0.4239400298404524, -0.1804498602608431, -0.46817420507849883], [-0.14653108120353345, 0.6310259902773844, 0.7617971133023346, 1.0304829590357976], [0.0, 0.0, 0.0, 1.0]]}, {"file_path": "train_images/02182_image", "transform_matrix": [[0.1927235883871041, -0.6517056721525918, 0.7335784452690364, 1.341237705446057], [0.9680743788454812, 0.2483929425491687, -0.03365922035195065, -0.20411400696885212], [-0.16027980378742007, 0.7166454234667964, 0.6787707429773047, 0.8709044733070358], [0.0, 0.0, 0.0, 1.0]]}, {"file_path": "train_images/02007_image", "transform_matrix": [[-0.1545901343299984, 0.7061344158327568, -0.6909964378666249, -1.2714437501737288], [-0.9764058621430273, -0.2159320767123811, -0.0022204998108238116, 0.14762818228593344], [-0.15077626716617093, 0.6743497052888877, 0.7228547518251683, 0.9571008182077472], [0.0, 0.0, 0.0, 1.0]]}, {"file_path": "train_images/02294_image", "transform_matrix": [[0.9717216118848722, 0.015467477470067575, 0.23562229549976613, 0.2935522782982972], [0.16767096103994267, 0.6574100486430917, -0.7346417336137594, -1.3867563487264416], [-0.1662635192091404, 0.7533742662739421, 0.6362261053245074, 0.7919643479252524], [0.0, 0.0, 0.0, 1.0]]}, {"file_path": "train_images/01772_image", "transform_matrix": [[0.8438385084842475, 0.48073742552386, -0.2383864494885808, -0.5748883107908365], [-0.5166267487812669, 0.6077878293627993, -0.6030677879991223, -1.0522158384759916], [-0.14502887313489796, 0.632048639092869, 0.7612365885702512, 1.0290923441109887], [0.0, 0.0, 0.0, 1.0]]}, {"file_path": "train_images/03482_image", "transform_matrix": [[0.17098288143411133, -0.3963450565843484, 0.9020396057699674, 1.6226131707416078], [0.964593821465618, 0.253928680423948, -0.07126699690956503, -0.2697707007816653], [-0.200807404860588, 0.8822872669257458, 0.4257294502073514, 0.3953903752549941], [0.0, 0.0, 0.0, 1.0]]}, {"file_path": "train_images/02529_image", "transform_matrix": [[0.43747612862721136, 0.6330340240768249, -0.638656841537339, -1.2537198732798716], [-0.8829550578022095, 0.16788521873011736, -0.43841181465995827, -0.6774875983304725], [-0.17030855170203438, 0.7556999918572467, 0.6323863688633025, 0.7847019661749534], [0.0, 0.0, 0.0, 1.0]]}, {"file_path": "train_images/02541_image", "transform_matrix": [[0.7950108076420213, 0.483283807806763, -0.3665986590867141, -0.8015931773741992], [-0.5820595114425744, 0.4376320456573056, -0.6853356241674831, -1.1821530280581447], [-0.17077628896194194, 0.758231464478755, 0.6292221431281559, 0.7783826187203237], [0.0, 0.0, 0.0, 1.0]]}, {"file_path": "train_images/01553_image", "transform_matrix": [[0.11297583758035433, -0.7584009023125289, 0.6419225276422065, 1.1926581189365426], [0.9831895631347802, 0.17859688827238582, 0.03796622765380954, -0.07155171438375627], [-0.1434389872588947, 0.6268422631499594, 0.7658289848674962, 1.039052485828578], [0.0, 0.0, 0.0, 1.0]]}, {"file_path": "train_images/02118_image", "transform_matrix": [[-0.1933376203145382, 0.6497626553086255, -0.735138800729084, -1.3429885187158297], [-0.9677990693015521, -0.24940558045245148, 0.03408544994899182, 0.21500213709323124], [-0.16120026684271002, 0.718056646933555, 0.6770591744924361, 0.8675234925931425], [0.0, 0.0, 0.0, 1.0]]}, {"file_path": "train_images/02332_image", "transform_matrix": [[-0.742247037406121, -0.5219563994506132, 0.420274734589635, 0.895142197163096], [0.6471393227277044, -0.3954454498741132, 0.6517925997994977, 1.1197732026508156], [-0.17401158708937864, 0.7557674333063128, 0.6312967244586523, 0.780936828650594], [0.0, 0.0, 0.0, 1.0]]}, {"file_path": "train_images/00536_image", "transform_matrix": [[-0.5246730519005057, -0.7949343669939207, 0.3046268878175131, 0.6701866836178122], [0.8427612829305962, -0.4344494390159755, 0.31781614957688953, 0.48797058145496697], [-0.12029799916284885, 0.4234773159340165, 0.8978838200383926, 1.2893043338964643], [0.0, 0.0, 0.0, 1.0]]}, {"file_path": "train_images/03456_image", "transform_matrix": [[0.9793589816563553, 0.16474242431137845, 0.11711498060041912, 0.06780823704469044], [0.033084666180343614, 0.44094113130450713, -0.8969260413142416, -1.639338018342118], [-0.19940258251276996, 0.882287284480464, 0.42638920921070084, 0.39730542996338036], [0.0, 0.0, 0.0, 1.0]]}, {"file_path": "train_images/01757_image", "transform_matrix": [[0.18455278280054196, 0.7782767842621915, -0.6001879017766671, -1.1575059045118463], [-0.9726058328937243, 0.05679998904192714, -0.22541440740543178, -0.27227541341850986], [-0.14134413387785502, 0.6253471102702396, 0.767439136019906, 1.0414091043074765], [0.0, 0.0, 0.0, 1.0]]}, {"file_path": "train_images/02617_image", "transform_matrix": [[-0.885006487409173, 0.1302946071421145, -0.44697520355536435, -0.6941876042969968], [-0.4304254112889341, -0.5949344779561535, 0.6788128845681931, 1.328973730577829], [-0.1774753012687379, 0.7931432924060577, 0.5826029824424602, 0.6923290089469557], [0.0, 0.0, 0.0, 1.0]]}, {"file_path": "train_images/02419_image", "transform_matrix": [[0.9855090796174005, 0.11417743260159131, 0.12544069465756724, 0.0849629585480742], [0.023209898619172158, 0.6418011555900629, -0.7665197827123235, -1.4246482633946547], [-0.16802724361766963, 0.7583236713750725, 0.6298508195076667, 0.7791484183562513], [0.0, 0.0, 0.0, 1.0]]}, {"file_path": "train_images/00672_image", "transform_matrix": [[-0.7312795972307313, -0.6480771380958561, 0.21266446283181417, 0.5250384301976121], [0.6717086880128367, -0.6301040004599658, 0.3895848906880516, 0.6533747698773462], [-0.11848033221650363, 0.4277440492652494, 0.8961012438313177, 1.2849687438306212], [0.0, 0.0, 0.0, 1.0]]}, {"file_path": "train_images/01013_image", "transform_matrix": [[0.7577835204768862, -0.49192128988399897, 0.42869287450635263, 0.701904161263624], [0.6384803897502581, 0.6944972027639335, -0.33168724313339293, -0.7227718693663039], [-0.13456198570924563, 0.5250591203968699, 0.8403606321633886, 1.1823115593449776], [0.0, 0.0, 0.0, 1.0]]}, {"file_path": "train_images/03617_image", "transform_matrix": [[-0.10009994897581297, -0.3944482884985612, 0.9134498059092222, 1.6774733496285108], [0.9730665316979838, 0.15279465302143216, 0.1726132060339442, 0.17388499521936968], [-0.20765722983873292, 0.9061260076328326, 0.36852969105227823, 0.29011898585111967], [0.0, 0.0, 0.0, 1.0]]}, {"file_path": "train_images/03996_image", "transform_matrix": [[0.5447070545261662, -0.15660964802698013, 0.8238735600165196, 1.4136035650575667], [0.8100570406132397, 0.3524953203460305, -0.46856658020719927, -0.9656358499946083], [-0.2170295272591924, 0.9226160996205381, 0.31886943569216025, 0.1986638025703659], [0.0, 0.0, 0.0, 1.0]]}, {"file_path": "train_images/01604_image", "transform_matrix": [[-0.7100959469163419, 0.4701649188349285, -0.5241266023299417, -0.8792362359381412], [-0.6888077284546527, -0.6181863431357054, 0.37866813753159284, 0.8228040714419802], [-0.14597143348657388, 0.6299131640610862, 0.7628248464414527, 1.033708486702308], [0.0, 0.0, 0.0, 1.0]]}, {"file_path": "train_images/00989_image", "transform_matrix": [[0.6725874090545917, 0.6851698595454847, -0.2795861955670421, -0.6365768152994307], [-0.7300449209800609, 0.5525281506683712, -0.40217789107583524, -0.6528334901645614], [-0.12108092555166589, 0.47461026778759285, 0.8718282532575675, 1.24033090922206], [0.0, 0.0, 0.0, 1.0]]}, {"file_path": "train_images/01112_image", "transform_matrix": [[0.6501460580049175, 0.6827149215117679, -0.33348229219232434, -0.7319427040525188], [-0.7486457767272565, 0.5006357146160144, -0.4346186630131701, -0.7084311008985347], [-0.12976750074309518, 0.5322257201564887, 0.8365979790525421, 1.174310415726266], [0.0, 0.0, 0.0, 1.0]]}, {"file_path": "train_images/01408_image", "transform_matrix": [[0.6891287237593876, -0.5300134469982434, 0.49415316258301717, 0.8326500526174313], [0.7117197070860082, 0.6232484913173753, -0.3240623036022893, -0.7156100877489249], [-0.13622283448513448, 0.5750191858291824, 0.806719452655742, 1.118771507384422], [0.0, 0.0, 0.0, 1.0]]}, {"file_path": "train_images/03474_image", "transform_matrix": [[0.6002018013777314, -0.23290340032731127, 0.7651887373314523, 1.310370494025902], [0.7732983234037931, 0.4134080266852789, -0.4807322607159481, -0.9902951535741666], [-0.20437098777421606, 0.8802555365279788, 0.4282320513086699, 0.40172230150144983], [0.0, 0.0, 0.0, 1.0]]}, {"file_path": "train_images/03228_image", "transform_matrix": [[0.056678161201886616, -0.4741032659076957, 0.8786430898256867, 1.6058307214390948], [0.9793000758288938, 0.19768506619580845, 0.04349685143411763, -0.0622702181184482], [-0.19431661669629754, 0.8579899229354712, 0.4754937903031842, 0.4882400944036057], [0.0, 0.0, 0.0, 1.0]]}, {"file_path": "train_images/03969_image", "transform_matrix": [[0.9410771686215698, 0.28116938069906405, -0.18792961995522234, -0.4797059712206405], [-0.2611149105218596, 0.2509384215178614, -0.9321206531931827, -1.6438559051846167], [-0.21492502460711915, 0.9262686910197434, 0.3095699369031178, 0.18131419306518085], [0.0, 0.0, 0.0, 1.0]]}, {"file_path": "train_images/02090_image", "transform_matrix": [[-0.9645344515843011, -0.2604708243537869, 0.04275793923273684, 0.2266712911002458], [0.20759130971786666, -0.6484971484069023, 0.7323641830658684, 1.340923837476098], [-0.16303110082616898, 0.7152666622795828, 0.6795693209635296, 0.8741981516551777], [0.0, 0.0, 0.0, 1.0]]}, {"file_path": "train_images/02420_image", "transform_matrix": [[0.9839131996397669, 0.08881167352045523, 0.15500742634187648, 0.14034534843143537], [0.06138805138484908, 0.6467565876155156, -0.7602219567488859, -1.4197168259494393], [-0.1677686583417991, 0.7575080217545092, 0.630900367931231, 0.7813884765450736], [0.0, 0.0, 0.0, 1.0]]}, {"file_path": "train_images/01303_image", "transform_matrix": [[-0.5944186697532601, -0.6991669658448797, 0.397280755788686, 0.8424536774718411], [0.7924079589464543, -0.42512545518846634, 0.43744482389109784, 0.7138137369832855], [-0.13695280810220353, 0.574833803131013, 0.8067279759193038, 1.118806421576504], [0.0, 0.0, 0.0, 1.0]]}, {"file_path": "train_images/02381_image", "transform_matrix": [[-0.10056149879911164, 0.6222830770917283, -0.7763060974412905, -1.4283213047138559], [-0.9804835434710222, -0.19446913976920477, -0.028875156448642234, 0.09994781934932605], [-0.16893610017336236, 0.758251624226863, 0.629694424634314, 0.7789865105883799], [0.0, 0.0, 0.0, 1.0]]}, {"file_path": "train_images/02255_image", "transform_matrix": [[-0.227645960990008, 0.6405253828310427, -0.7334197641147134, -1.334285184694897], [-0.960371497191216, -0.27208531845793177, 0.06046624564455823, 0.26336836687361176], [-0.1608225849426565, 0.7181203335296892, 0.6770814446900534, 0.868318308273472], [0.0, 0.0, 0.0, 1.0]]}, {"file_path": "train_images/01183_image", "transform_matrix": [[-0.7361865191785099, -0.6177869676367924, 0.2763488223205709, 0.63804315205919], [0.6638172011556689, -0.5796143819608461, 0.4726456301226117, 0.8030843599724391], [-0.13181855874528386, 0.5314004430204055, 0.8368019100886619, 1.1742362059745828], [0.0, 0.0, 0.0, 1.0]]}, {"file_path": "train_images/01322_image", "transform_matrix": [[-0.9910006525393896, -0.0616602828478233, -0.11880957951962644, -0.07396913239059714], [-0.019154885022362917, -0.813126258993329, 0.581772100839576, 1.1091409532477525], [-0.1324794212181049, 0.578812315396485, 0.8046275576309053, 1.1137883031215294], [0.0, 0.0, 0.0, 1.0]]}, {"file_path": "train_images/01240_image", "transform_matrix": [[0.30477211198031806, 0.8242474750041962, -0.47721070787259523, -0.9530697606407537], [-0.9438081832077854, 0.19412202479674212, -0.2674747703968215, -0.3603130239724396], [-0.12782829525999245, 0.5319142218798253, 0.8370944913765137, 1.1752497442443313], [0.0, 0.0, 0.0, 1.0]]}, {"file_path": "train_images/01090_image", "transform_matrix": [[-0.3003445926225184, 0.7823624971853013, -0.545620792016207, -0.9921103508096779], [-0.9453302670436667, -0.3203561169947884, 0.061013478143532016, 0.264335359549994], [-0.1270583011595986, 0.5341169172587599, 0.8358081758420624, 1.1723958622902055], [0.0, 0.0, 0.0, 1.0]]}, {"file_path": "train_images/01619_image", "transform_matrix": [[-0.15279123504752276, 0.7478321294473638, -0.6460665172092377, -1.1928954501885252], [-0.9779145446180897, -0.20874830875362277, -0.010357944627018126, 0.1331844281204197], [-0.1426112965968925, 0.6302152408175509, 0.7632108282278427, 1.034733343075017], [0.0, 0.0, 0.0, 1.0]]}, {"file_path": "train_images/03630_image", "transform_matrix": [[-0.6635855268742963, -0.4085404943363119, 0.6266968270307458, 1.2397785735487519], [0.7179908087864181, -0.11252890754702435, 0.6868962392272201, 1.147570994652816], [-0.2101034198226858, 0.9057769645192547, 0.3680008743537128, 0.28943300450989834], [0.0, 0.0, 0.0, 1.0]]}, {"file_path": "train_images/02333_image", "transform_matrix": [[-0.7754295199966099, -0.49986628186286397, 0.3858014512342104, 0.8357257003292597], [0.6069972714520985, -0.4217697269923545, 0.6735462937634666, 1.1658349556696415], [-0.17396370876574935, 0.7564681074899262, 0.6304701661324467, 0.7800271426538159], [0.0, 0.0, 0.0, 1.0]]}, {"file_path": "train_images/01942_image", "transform_matrix": [[0.01397242510460509, -0.7322831821369992, 0.6808568957541715, 1.2767387465867277], [0.9886836323333923, 0.11183296768352972, 0.09999031200643456, 0.04378940042420898], [-0.14936347107892792, 0.6717549616477761, 0.7255589741770473, 0.9628165651914321], [0.0, 0.0, 0.0, 1.0]]}, {"file_path": "train_images/02752_image", "transform_matrix": [[-0.9784982430480786, -0.08441258589071321, -0.18819060469392748, -0.19948051251774415], [-0.09993323572708457, -0.6041381530330033, 0.7905886670367761, 1.4848435080357691], [-0.1804287580984197, 0.7923961177297086, 0.5827124984569556, 0.6910260902925949], [0.0, 0.0, 0.0, 1.0]]}, {"file_path": "train_images/02558_image", "transform_matrix": [[0.7795870492606066, -0.24844297344562238, 0.5749087941322852, 0.9498200493244504], [0.5995814303812075, 0.5612923522016945, -0.5704848847269437, -1.1423757913178942], [-0.18095894829260506, 0.7894472650566261, 0.5865380420121508, 0.6989686519496968], [0.0, 0.0, 0.0, 1.0]]}, {"file_path": "train_images/02354_image", "transform_matrix": [[-0.9341167129949163, 0.08017860264870934, -0.34784674524979187, -0.5053785297891739], [-0.31393976368292476, -0.6483283941083395, 0.6936224608327004, 1.3440339451618954], [-0.1699052420682852, 0.7571272581740813, 0.6307856400137176, 0.7820643802712572], [0.0, 0.0, 0.0, 1.0]]}]}