{"camera_angle_x": 0.8836704333486497, "camera_angle_y": 0.6819013496909203, "fl_x": 1522.1201085541113, "fl_y": 1521.954743529035, "k1": 0.0652210706564525, "k2": 0.23102137964696204, "p1": -0.0018667704274258755, "p2": -0.00035823757611365637, "cx": 727.9348613007779, "cy": 541.5426465751151, "w": 1440, "h": 1080, "aabb_scale": 1, "frames": [{"file_path": "train_images/00001_image", "transform_matrix": [[0.9747395378989803, 0.21950564863780886, 0.04123231102639386, -0.08257150920684189], [-0.19599111817991577, 0.929185099833839, -0.3133728320090381, -0.6287790999206866], [-0.10709955579305071, 0.29737572271937956, 0.948734612357986, 1.371673109485937], [0.0, 0.0, 0.0, 1.0]]}, {"file_path": "train_images/00007_image", "transform_matrix": [[0.9553345055448654, -0.2283813460503395, 0.18755783985635638, 0.22281413088402263], [0.2731005267794258, 0.9247645972774895, -0.26500290921988573, -0.5624713252730124], [-0.11292512912610583, 0.3043885681139125, 0.945830595198429, 1.3835975235665532], [0.0, 0.0, 0.0, 1.0]]}, {"file_path": "train_images/00013_image", "transform_matrix": [[0.6720369994337456, -0.6762403499246754, 0.30177021146203337, 0.49211622099055685], [0.7318463052505145, 0.6686981414293113, -0.13131557843666375, -0.37012760938730827], [-0.11299228683082133, 0.3090983416046377, 0.9442938940467656, 1.3780146028838374], [0.0, 0.0, 0.0, 1.0]]}, {"file_path": "train_images/00016_image", "transform_matrix": [[0.5139069968652953, -0.7951536223604636, 0.3219166280575247, 0.5574897807573069], [0.8507453403188564, 0.5205899038607376, -0.0722393101020573, -0.27231602152400725], [-0.11014519734716789, 0.3109933582012666, 0.9440080331522884, 1.377769045477799], [0.0, 0.0, 0.0, 1.0]]}, {"file_path": "train_images/00018_image", "transform_matrix": [[0.41602467569737495, -0.8487689469503606, 0.32636596621533615, 0.5827955405646142], [0.9028036256293078, 0.4285087872079002, -0.03641198753420494, -0.21006670232130956], [-0.10894532005309143, 0.30979266288663215, 0.9445419118599974, 1.378418588995323], [0.0, 0.0, 0.0, 1.0]]}, {"file_path": "train_images/00022_image", "transform_matrix": [[0.22227916578291412, -0.9186947108727491, 0.32648430386970784, 0.6119361710991097], [0.9690307917330023, 0.24511303044596616, 0.029982110981476517, -0.08860643731381024], [-0.10756996389402801, 0.3097089448498877, 0.9447269829679931, 1.3787069632637245], [0.0, 0.0, 0.0, 1.0]]}, {"file_path": "train_images/00023_image", "transform_matrix": [[0.11779378243819681, -0.9391614952631271, 0.32264579748391303, 0.6216844792686009], [0.9871529845468331, 0.14606305550939128, 0.06476549170306983, -0.022902611579717694], [-0.1079518870570713, 0.3108717896985636, 0.9443013928033938, 1.377574838503115], [0.0, 0.0, 0.0, 1.0]]}, {"file_path": "train_images/00024_image", "transform_matrix": [[-0.2272243393981343, -0.9326275960200823, 0.2803120880855545, 0.5924494851891218], [0.9679747730475661, -0.18474648588458625, 0.16998110099893288, 0.1885301941335465], [-0.10674239236870478, 0.30995887323175403, 0.944738883806688, 1.3790704649998353], [0.0, 0.0, 0.0, 1.0]]}, {"file_path": "train_images/00027_image", "transform_matrix": [[-0.36414229949419075, -0.8965605134881841, 0.2521500175944606, 0.5591765152310791], [0.9251693777621074, -0.3170967687406213, 0.2085935322715736, 0.2719599586214289], [-0.10706076858662186, 0.309239203381558, 0.9449386789213262, 1.378542937683091], [0.0, 0.0, 0.0, 1.0]]}, {"file_path": "train_images/00041_image", "transform_matrix": [[-0.8897069453358397, -0.4536019984329218, 0.05164086016739668, 0.24436190373115563], [0.4443266542468152, -0.8343819137135431, 0.32616046111317143, 0.5811248683809737], [-0.10485883723845194, 0.3131326381669357, 0.9439028420169179, 1.3758636585187412], [0.0, 0.0, 0.0, 1.0]]}, {"file_path": "train_images/00053_image", "transform_matrix": [[-0.9868654068420056, 0.08813109437643266, -0.13538677550844858, -0.11076891039228456], [-0.12503653773552978, -0.9473665676636336, 0.2947243639476338, 0.6086681281131338], [-0.10228652408638285, 0.3077815729981868, 0.9459429001335586, 1.3814165138721064], [0.0, 0.0, 0.0, 1.0]]}, {"file_path": "train_images/00055_image", "transform_matrix": [[-0.9738675943776577, 0.16300302686461476, -0.15815157872764868, -0.1576095239786195], [-0.20311550874219636, -0.9366484746504788, 0.2853659493410696, 0.603023583736084], [-0.10161692147212861, 0.3100316889737319, 0.9452800395134885, 1.3800467954565576], [0.0, 0.0, 0.0, 1.0]]}, {"file_path": "train_images/00057_image", "transform_matrix": [[-0.9562037473576422, 0.23264147369285268, -0.17762977863303228, -0.19925302382950127], [-0.27473449065800054, -0.9226917557326617, 0.2704826862219966, 0.5857769722959209], [-0.10097204158622984, 0.30743758491927403, 0.946195951268506, 1.3818291161391194], [0.0, 0.0, 0.0, 1.0]]}, {"file_path": "train_images/00060_image", "transform_matrix": [[-0.9178622620262498, 0.3358047946725304, -0.21157506427505982, -0.2726610685802205], [-0.38264108520491874, -0.8902758678297567, 0.24697100856816312, 0.5555385059711144], [-0.10542612513631569, 0.3076426807757878, 0.945643332924115, 1.381319714457951], [0.0, 0.0, 0.0, 1.0]]}, {"file_path": "train_images/00068_image", "transform_matrix": [[-0.7192862745031492, 0.6319864308143238, -0.2884794734083385, -0.4561950822796038], [-0.6865064844657117, -0.7102505655077657, 0.15573368608759186, 0.4228180868380812], [-0.10647113269759939, 0.31006013201066507, 0.9447362660762098, 1.3789816539680666], [0.0, 0.0, 0.0, 1.0]]}, {"file_path": "train_images/00074_image", "transform_matrix": [[-0.5635140841471139, 0.763907888481416, -0.3144783218024799, -0.5330582290144041], [-0.8192752439960266, -0.565631554273693, 0.09406922655777346, 0.322007095059968], [-0.10601863771569063, 0.3106536378763187, 0.94459216899735, 1.3787586373847238], [0.0, 0.0, 0.0, 1.0]]}, {"file_path": "train_images/00078_image", "transform_matrix": [[-0.41431465850307486, 0.8493145016493672, -0.3271211412268667, -0.5812780102350875], [-0.90376921275092, -0.42635601968087133, 0.0377061608423193, 0.2230267606386599], [-0.10744567852204574, 0.31126423143363535, 0.944229847228399, 1.3777927443690001], [0.0, 0.0, 0.0, 1.0]]}, {"file_path": "train_images/00083_image", "transform_matrix": [[-0.18760923330574694, 0.9265320626779385, -0.3260998503651825, -0.6151405128443406], [-0.9763398641659963, -0.2122501834548268, -0.04135612728141185, 0.0781113228550466], [-0.10753253097901944, 0.31062549227833347, 0.9444302824073831, 1.3780445812589048], [0.0, 0.0, 0.0, 1.0]]}, {"file_path": "train_images/00091_image", "transform_matrix": [[0.16599201734920052, 0.9422673177289937, -0.29082460713658703, -0.6014196122913759], [-0.9799728988611617, 0.12472256174480711, -0.15523337298874867, -0.14716021479961164], [-0.10999894396763042, 0.31076773405812297, 0.9440993844899942, 1.3782347581785148], [0.0, 0.0, 0.0, 1.0]]}, {"file_path": "train_images/00101_image", "transform_matrix": [[0.5689400745463817, 0.7979173061272364, -0.1990858210868161, -0.48317709296321587], [-0.8153650564678427, 0.5157588443453014, -0.26300691848464924, -0.38651605008155615], [-0.1071774988808253, 0.3119627975612691, 0.9440297647168745, 1.3765020206309064], [0.0, 0.0, 0.0, 1.0]]}, {"file_path": "train_images/00117_image", "transform_matrix": [[0.960842795057067, 0.27684629419785256, 0.01171548444748205, -0.1279376587262786], [-0.25775329641509126, 0.9084969059934994, -0.3289325310567395, -0.6052571031885119], [-0.10170723363693077, 0.3130327477903148, 0.94428075138529, 1.375231186561724], [0.0, 0.0, 0.0, 1.0]]}, {"file_path": "train_images/00120_image", "transform_matrix": [[0.9883555714966306, 0.1396977085796161, 0.06031429771765247, -0.036387017983453285], [-0.11322244943161895, 0.9399991049923224, -0.32184213452924, -0.6147567260747568], [-0.10165599459094116, 0.3112655342810019, 0.9448702693663766, 1.377792765572794], [0.0, 0.0, 0.0, 1.0]]}, {"file_path": "train_images/00125_image", "transform_matrix": [[0.9903508867967603, -0.06263273475655626, 0.12362144457085672, 0.08871325376667953], [0.0974038411272949, 0.9491297552156049, -0.29944147925431863, -0.6040367547609156], [-0.09857795267969012, 0.30859333807015454, 0.946072163708562, 1.3812561540038393], [0.0, 0.0, 0.0, 1.0]]}, {"file_path": "train_images/00134_image", "transform_matrix": [[0.8884267398803216, -0.3991851829934392, 0.2266034367438366, 0.30917235445707286], [0.44711748187986566, 0.8642729723107219, -0.2304738309019013, -0.5229715209388907], [-0.10384548744664586, 0.3060774722381323, 0.9463258929804699, 1.3820778534257023], [0.0, 0.0, 0.0, 1.0]]}, {"file_path": "train_images/00164_image", "transform_matrix": [[-0.6866217088360015, -0.7099642380301862, 0.1565292613965403, 0.42038354204306677], [0.7191927961317398, -0.6318060122307488, 0.2891070474777271, 0.46356848327396954], [-0.10635953623130871, 0.3110818921559018, 0.944412889273206, 1.3775941084725214], [0.0, 0.0, 0.0, 1.0]]}, {"file_path": "train_images/00177_image", "transform_matrix": [[-0.9793619085373931, -0.19837068129956897, -0.03872111706471884, 0.07948004950013604], [0.17529740202936223, -0.9290439712836052, 0.3258038063978748, 0.6225809738665362], [-0.10060354341548307, 0.31229212641745, 0.9446441419020797, 1.3765107722057608], [0.0, 0.0, 0.0, 1.0]]}, {"file_path": "train_images/00180_image", "transform_matrix": [[-0.9938650174685546, -0.06858993282594181, -0.08676259659071071, -0.013406100437810403], [0.03733936483112241, -0.9465014749528698, 0.32053194808950075, 0.6348806706985068], [-0.10410619043187565, 0.31532582993940544, 0.9432558094635767, 1.3750621701935155], [0.0, 0.0, 0.0, 1.0]]}, {"file_path": "train_images/00194_image", "transform_matrix": [[-0.8581155670837416, 0.45158900249271783, -0.24434616091966918, -0.3472282646785088], [-0.5022136709024266, -0.8372342427059407, 0.2163798779908131, 0.5141662728475165], [-0.10686019973431585, 0.3083929241539795, 0.9452379076425681, 1.380777473735169], [0.0, 0.0, 0.0, 1.0]]}, {"file_path": "train_images/00198_image", "transform_matrix": [[-0.761158304635372, 0.5864441386255823, -0.27698611437453885, -0.42711953463579444], [-0.6400251362143489, -0.7482696494297154, 0.17452895678406832, 0.45315195365224986], [-0.10490881897348076, 0.31012224043758896, 0.9448906474759711, 1.3791380493110545], [0.0, 0.0, 0.0, 1.0]]}, {"file_path": "train_images/00203_image", "transform_matrix": [[-0.3596751480881047, 0.8726657370925507, -0.33028517852382533, -0.5968592664268545], [-0.9263490267351013, -0.3763953835600919, 0.014282713383029041, 0.17965083279907534], [-0.11185378185260599, 0.31109649072171575, 0.9437731215424091, 1.3772522943037446], [0.0, 0.0, 0.0, 1.0]]}, {"file_path": "train_images/00204_image", "transform_matrix": [[-0.28731473723591355, 0.8986132499285576, -0.33157875206335763, -0.610599671869278], [-0.9510992597714532, -0.3086398633497891, -0.012313927627584445, 0.13086282343531014], [-0.113403879251337, 0.31182633276274013, 0.9433471780667438, 1.3763658216333345], [0.0, 0.0, 0.0, 1.0]]}, {"file_path": "train_images/00236_image", "transform_matrix": [[0.9366419598186934, 0.3499798741009745, -0.014694448994885173, -0.17650550237519977], [-0.3349985341639365, 0.882711564902253, -0.32953948973655556, -0.5943494245696159], [-0.10236122906164766, 0.31358313237813285, 0.9440274349153776, 1.3749635474421684], [0.0, 0.0, 0.0, 1.0]]}, {"file_path": "train_images/00248_image", "transform_matrix": [[0.7421931961626526, -0.585275917831983, 0.32649863640725396, 0.5232696702446386], [0.6593574297515048, 0.7249096544536611, -0.19938348154088237, -0.4870915606720688], [-0.11998766353819779, 0.36326036514572274, 0.923929038245276, 1.3397588149352202], [0.0, 0.0, 0.0, 1.0]]}, {"file_path": "train_images/00254_image", "transform_matrix": [[0.41792762963184205, -0.8257923647682857, 0.3786865018464646, 0.6747097377982583], [0.9016396616510546, 0.4280848128345428, -0.061557400515179855, -0.25564001234780787], [-0.11127630892549267, 0.3671653078802748, 0.9234756194730326, 1.3379026348363854], [0.0, 0.0, 0.0, 1.0]]}, {"file_path": "train_images/00269_image", "transform_matrix": [[-0.32950216219263023, -0.8915876975197237, 0.3106440128859068, 0.6590418952810926], [0.9374249458468923, -0.26972474996167883, 0.22018862405233608, 0.288527684051306], [-0.11252908963611462, 0.3637580746726974, 0.924671437374422, 1.3401343266844423], [0.0, 0.0, 0.0, 1.0]]}, {"file_path": "train_images/00270_image", "transform_matrix": [[-0.378339521205648, -0.8757580621625984, 0.2998449987094856, 0.6454937043473913], [0.9187295011639283, -0.3156747800461966, 0.2372457311183174, 0.3245631041582154], [-0.11311635772495755, 0.36523588241025257, 0.9240170127303088, 1.3388172076558287], [0.0, 0.0, 0.0, 1.0]]}, {"file_path": "train_images/00276_image", "transform_matrix": [[-0.6267418346729837, -0.7480225685915391, 0.21830462557733044, 0.5256631883479608], [0.7708316816156588, -0.5541482131319385, 0.3142264732645151, 0.49769468486125673], [-0.11407537546866862, 0.3652149979948739, 0.9239073622129474, 1.338177115700658], [0.0, 0.0, 0.0, 1.0]]}, {"file_path": "train_images/00282_image", "transform_matrix": [[-0.8013309781013175, -0.5827808072069902, 0.13503775133774504, 0.39089085816872043], [0.5874283174376752, -0.723878522414845, 0.3618395454601979, 0.6201992433061703], [-0.11312221447411444, 0.3692782359382553, 0.9224082334057967, 1.3345671684683136], [0.0, 0.0, 0.0, 1.0]]}, {"file_path": "train_images/00283_image", "transform_matrix": [[-0.8314875338029567, -0.5433145139611091, 0.11592161165839988, 0.3578895847347669], [0.5438709598224015, -0.753549628930596, 0.3692794819651111, 0.6410119073791256], [-0.11328221480946059, 0.3700976839400173, 0.9220601087511043, 1.3335674374484385], [0.0, 0.0, 0.0, 1.0]]}, {"file_path": "train_images/00285_image", "transform_matrix": [[-0.8858740857864337, -0.45743043887455975, 0.07735953543732063, 0.29059832618309905], [0.45041056707064836, -0.8080691247822087, 0.3796769819791715, 0.6750577957821848], [-0.11116395640290676, 0.3711895515295963, 0.9218790005375489, 1.3331659564711136], [0.0, 0.0, 0.0, 1.0]]}, {"file_path": "train_images/00295_image", "transform_matrix": [[-0.9937127009106728, -0.006511835524837722, -0.11177058668054528, -0.061776221029348835], [-0.03495611798935369, -0.9303566493638225, 0.3649857186242169, 0.7238414450008033], [-0.10636323549013636, 0.36659801006363785, 0.9242795903585942, 1.3391870734090239], [0.0, 0.0, 0.0, 1.0]]}, {"file_path": "train_images/00298_image", "transform_matrix": [[-0.9795417725046388, 0.12026233678325843, -0.16135329643332494, -0.16051937761125182], [-0.17001967054659536, -0.9235132947116784, 0.343826273164236, 0.7041816019338867], [-0.10766256334352008, 0.3642254313501609, 0.9250668125125298, 1.3399734754121029], [0.0, 0.0, 0.0, 1.0]]}, {"file_path": "train_images/00305_image", "transform_matrix": [[-0.9008284661948636, 0.3566965800292457, -0.24753913688233117, -0.3418436442289266], [-0.4198112589237693, -0.8610287576654059, 0.2870330736239426, 0.6329905613777481], [-0.11075459978641743, 0.36248728014732834, 0.9253844554332772, 1.3423023096874531], [0.0, 0.0, 0.0, 1.0]]}, {"file_path": "train_images/00311_image", "transform_matrix": [[-0.7604882255449155, 0.5665316018305442, -0.31733200742261003, -0.4996577859476082], [-0.6395915614637914, -0.7379317715579857, 0.21535861958510513, 0.5268702073618378], [-0.11216190668785406, 0.3667405685939457, 0.9235372553587292, 1.3383181898931096], [0.0, 0.0, 0.0, 1.0]]}, {"file_path": "train_images/00333_image", "transform_matrix": [[0.1351324390796844, 0.926361768099321, -0.3515581011899385, -0.7062088612278994], [-0.9842628350890312, 0.08472753579985295, -0.1550739054121843, -0.14389894912191228], [-0.11386788559939906, 0.36698108845168614, 0.9232328987573708, 1.3371397901664266], [0.0, 0.0, 0.0, 1.0]]}, {"file_path": "train_images/00336_image", "transform_matrix": [[0.2882066809891932, 0.9016443433931214, -0.32245059630954376, -0.6744066628662875], [-0.9509078707457863, 0.22983979351296943, -0.20723872869623225, -0.25071354294835557], [-0.11274364898702015, 0.36634839612737835, 0.9236220667935501, 1.3377762982608994], [0.0, 0.0, 0.0, 1.0]]}, {"file_path": "train_images/00342_image", "transform_matrix": [[0.5165543683210477, 0.8154619012849724, -0.261138798574898, -0.5900182285647947], [-0.848962955936028, 0.44804053725131743, -0.2802170166637148, -0.40928986005420614], [-0.11150553357033477, 0.36644449038326216, 0.9237342428701808, 1.33804536653242], [0.0, 0.0, 0.0, 1.0]]}, {"file_path": "train_images/00344_image", "transform_matrix": [[0.588985316630837, 0.7730125683620462, -0.23568594770920395, -0.551449219445086], [-0.8000784859067613, 0.5166590769939914, -0.3048570395264986, -0.46514587719232114], [-0.1138890389037371, 0.3681235761453344, 0.9227753353355048, 1.3349761020415518], [0.0, 0.0, 0.0, 1.0]]}, {"file_path": "train_images/00346_image", "transform_matrix": [[0.6558560405499824, 0.7251670085763436, -0.20972759414663844, -0.5110386236947847], [-0.7465303955490152, 0.5818398080536946, -0.32273023763736597, -0.5080905809076324], [-0.1120054578827779, 0.3682325996384311, 0.9229623664960518, 1.3350132352210975], [0.0, 0.0, 0.0, 1.0]]}, {"file_path": "train_images/00356_image", "transform_matrix": [[0.9139469201374671, 0.40206488741984997, -0.05518019096833278, -0.24963962164855558], [-0.39159331484295035, 0.8379853086707103, -0.38004644219143063, -0.6752787381809857], [-0.10656314063290499, 0.3689504692450164, 0.9233200140267371, 1.3348502611241768], [0.0, 0.0, 0.0, 1.0]]}, {"file_path": "train_images/00367_image", "transform_matrix": [[0.9736319430717131, -0.1497793701162052, 0.17206678853861723, 0.18463212156113754], [0.2011590137416423, 0.919429951514677, -0.3379106619333109, -0.6868086346972978], [-0.1075913129434258, 0.3636133998428982, 0.9253158405829862, 1.341201131832483], [0.0, 0.0, 0.0, 1.0]]}, {"file_path": "train_images/00368_image", "transform_matrix": [[0.9629856966634049, -0.19146946904206788, 0.18973136389760475, 0.22086984252922165], [0.24616368776653905, 0.9114671931180344, -0.3295921641888802, -0.6774518659430945], [-0.1098270770205352, 0.3640975120682377, 0.9248627005447051, 1.340793841396286], [0.0, 0.0, 0.0, 1.0]]}, {"file_path": "train_images/00377_image", "transform_matrix": [[0.7624440882617737, -0.5660008187533414, 0.3135635269689702, 0.4940506734559647], [0.6376282077580954, 0.7396354194377495, -0.21533628348316924, -0.5157404474738031], [-0.11004217803129893, 0.36411882604953544, 0.9248287406706369, 1.3398807935760837], [0.0, 0.0, 0.0, 1.0]]}, {"file_path": "train_images/00381_image", "transform_matrix": [[0.6308770547709069, -0.6923219012296041, 0.35026351057655475, 0.5862713885409623], [0.7675895083221176, 0.6227446311838614, -0.15164257662505662, -0.41106066236022043], [-0.113139243754746, 0.36452641798572377, 0.9242943265611346, 1.3389385515356578], [0.0, 0.0, 0.0, 1.0]]}, {"file_path": "train_images/00382_image", "transform_matrix": [[0.5909407571707902, -0.722398713702383, 0.35906701318215783, 0.6097295023185171], [0.7987162566935325, 0.5864530866239152, -0.13462956021154493, -0.38268737182894097], [-0.1133197370623689, 0.3663507549199612, 0.9235506275032734, 1.3375400206187704], [0.0, 0.0, 0.0, 1.0]]}, {"file_path": "train_images/00384_image", "transform_matrix": [[0.5052664835893008, -0.7798634906267551, 0.36948439283514506, 0.6437718571041307], [0.8556924271549217, 0.5082268913756296, -0.09744689318999905, -0.31930678496869974], [-0.11178663010853249, 0.3654016459597808, 0.9241132974148035, 1.338342305352938], [0.0, 0.0, 0.0, 1.0]]}, {"file_path": "train_images/00397_image", "transform_matrix": [[-0.017892151365077946, -0.9306302056772957, 0.3655233114324767, 0.7180144285451104], [0.9938825005648083, 0.02329442450579382, 0.10795806990673575, 0.060082978939918624], [-0.10898369598510095, 0.36521882490909213, 0.9245202885504725, 1.3388772427236688], [0.0, 0.0, 0.0, 1.0]]}, {"file_path": "train_images/00399_image", "transform_matrix": [[-0.08793934735760404, -0.9296795030944248, 0.3577187340808723, 0.714124485627215], [0.9902200042981528, -0.042540372880616115, 0.13287083864770452, 0.10924097634159975], [-0.10830980691555518, 0.3659048212326278, 0.9243282141775365, 1.3387880365612914], [0.0, 0.0, 0.0, 1.0]]}, {"file_path": "train_images/00402_image", "transform_matrix": [[-0.1953802736837284, -0.9202205396336389, 0.3391470287230091, 0.6947917405173631], [0.9745239537652399, -0.14333221831857368, 0.17250779324320803, 0.18922211708862324], [-0.11013451862625122, 0.36421152319531425, 0.9247812466625354, 1.3400032666379957], [0.0, 0.0, 0.0, 1.0]]}, {"file_path": "train_images/00404_image", "transform_matrix": [[-0.26823575534998495, -0.9065268452201705, 0.3259734014409584, 0.6803174873871137], [0.9567832389549134, -0.2112402259215796, 0.1998584514288681, 0.24561840389936007], [-0.11231835649958664, 0.3654950695259311, 0.9240118727297104, 1.339022466490034], [0.0, 0.0, 0.0, 1.0]]}, {"file_path": "train_images/00408_image", "transform_matrix": [[-0.4373233075414109, -0.8532176623082406, 0.2841970186442878, 0.6249828079823069], [0.8922402220354739, -0.37212054614325174, 0.2558000885850829, 0.36495214161843004], [-0.112497603810609, 0.3654393518264134, 0.9240121045059756, 1.3380756491271661], [0.0, 0.0, 0.0, 1.0]]}, {"file_path": "train_images/00418_image", "transform_matrix": [[-0.7493884674477453, -0.6415533703227051, 0.16378705041576902, 0.4387236934435563], [0.6523849055108825, -0.6731277583030559, 0.34827138277995195, 0.5830305844680537], [-0.11318506932399089, 0.3678427572067729, 0.9229739140694295, 1.3359497497453554], [0.0, 0.0, 0.0, 1.0]]}, {"file_path": "train_images/00424_image", "transform_matrix": [[-0.9102167716194198, -0.41025836175378144, 0.0565111075260825, 0.25386372936001594], [0.39943388739270047, -0.8336679445186398, 0.3813795063770754, 0.6877167902502266], [-0.10935263263898375, 0.3697104744163595, 0.9226896373330276, 1.3347903756537565], [0.0, 0.0, 0.0, 1.0]]}, {"file_path": "train_images/00425_image", "transform_matrix": [[-0.9299186648441192, -0.365994015113793, 0.0360507652542269, 0.21711790696121225], [0.35120221653865663, -0.8546740680567664, 0.38234701579799507, 0.6973373086406137], [-0.10912506528229543, 0.3682127351032042, 0.9233152775920868, 1.3365198257149535], [0.0, 0.0, 0.0, 1.0]]}, {"file_path": "train_images/00426_image", "transform_matrix": [[-0.94692595403168, -0.321037786322199, 0.016308811561083436, 0.1810563282940953], [0.30254841371162117, -0.8729514306477959, 0.3826489998556746, 0.7052782145746748], [-0.1086079874676561, 0.3672744743149303, 0.9237498392827557, 1.3371704051275701], [0.0, 0.0, 0.0, 1.0]]}, {"file_path": "train_images/00428_image", "transform_matrix": [[-0.9730368112535077, -0.2294182110697937, -0.02380437722649656, 0.10675174931941346], [0.20323670242313793, -0.9016109386430939, 0.3818279168778626, 0.7188554485572798], [-0.10906056452162098, 0.3666946955556552, 0.9239268334221985, 1.337140601555737], [0.0, 0.0, 0.0, 1.0]]}, {"file_path": "train_images/00435_image", "transform_matrix": [[-0.9870332641684102, 0.07179836606157902, -0.14356298288883773, -0.1247340288040421], [-0.11875410078606571, -0.9283711990342128, 0.35217095330289605, 0.7123407947750273], [-0.10799443953994192, 0.3646531385229876, 0.9248596053422317, 1.3406382261272425], [0.0, 0.0, 0.0, 1.0]]}, {"file_path": "train_images/00442_image", "transform_matrix": [[-0.9235740820219033, 0.30579126350930574, -0.23130632974214294, -0.3060369363599024], [-0.367022088266285, -0.879620137247285, 0.30259411903360367, 0.6544743969100558], [-0.11093106752417863, 0.3643626178828583, 0.9246265088929131, 1.3402712537584616], [0.0, 0.0, 0.0, 1.0]]}, {"file_path": "train_images/00445_image", "transform_matrix": [[-0.8727902996245157, 0.40881035443841396, -0.2666668089307078, -0.38323886481529], [-0.4752689809016116, -0.8362312467324166, 0.2735629685850988, 0.6146329663780096], [-0.11115974394578194, 0.3655015678383427, 0.9241494009269398, 1.3394568512621186], [0.0, 0.0, 0.0, 1.0]]}, {"file_path": "train_images/00448_image", "transform_matrix": [[-0.804110301000644, 0.5127132430733418, -0.30088495177039043, -0.46101597588245974], [-0.5837258518660657, -0.7768000235139246, 0.23631727260613475, 0.5591514499746478], [-0.11256444237808702, 0.3656594779928215, 0.9239168753010888, 1.3391261244077017], [0.0, 0.0, 0.0, 1.0]]}, {"file_path": "train_images/00454_image", "transform_matrix": [[-0.6378087356465151, 0.6863292158794616, -0.3495028242565106, -0.5817309575773324], [-0.7622422405597619, -0.6275320306911174, 0.15871457766417296, 0.43533530584939867], [-0.11039376540107704, 0.36763535995190405, 0.923394530346377, 1.3374791669684982], [0.0, 0.0, 0.0, 1.0]]}, {"file_path": "train_images/00469_image", "transform_matrix": [[-0.015522969272518627, 0.9282947450837934, -0.3715210676055658, -0.7223220365424287], [-0.9936611935208927, -0.05569691614074853, -0.09764878915299252, -0.029820461485016714], [-0.11133943558146685, 0.3676502683015822, 0.9232750458569619, 1.3366519408498871], [0.0, 0.0, 0.0, 1.0]]}, {"file_path": "train_images/00474_image", "transform_matrix": [[0.2193662407744794, 0.9158408995896633, -0.3363240982256096, -0.690858215163569], [-0.969209267685897, 0.16504059171253008, -0.18274298486931154, -0.20011069302098505], [-0.11185637147807279, 0.36605607456505124, 0.923845821787264, 1.3387259799800093], [0.0, 0.0, 0.0, 1.0]]}, {"file_path": "train_images/00477_image", "transform_matrix": [[0.34693538244424255, 0.8856899287360442, -0.3085274550891834, -0.6562883682999898], [-0.931310287279293, 0.2864335669665019, -0.22498213378534562, -0.28845245604371456], [-0.11089179057093393, 0.36538905546059713, 0.9242260810719337, 1.3389912530792913], [0.0, 0.0, 0.0, 1.0]]}, {"file_path": "train_images/00490_image", "transform_matrix": [[0.8004914584975124, 0.5829405734697153, -0.13926131076262743, -0.39612381473610103], [-0.5893004715206576, 0.7231758111474093, -0.3601967523962665, -0.6057712716526544], [-0.10926289003159406, 0.3704011797687558, 0.922423214629737, 1.3328467072758436], [0.0, 0.0, 0.0, 1.0]]}, {"file_path": "train_images/00507_image", "transform_matrix": [[0.8871134004478166, -0.36596415502418544, 0.2812473146242388, 0.40920090604123543], [0.4460606850386053, 0.8363282252723487, -0.31872396344751625, -0.6801407608403786], [-0.11857352153327386, 0.4081976688446879, 0.9051601975015034, 1.3069238841491342], [0.0, 0.0, 0.0, 1.0]]}, {"file_path": "train_images/00508_image", "transform_matrix": [[0.8406050318117694, -0.438286680689307, 0.31825770379220003, 0.4874543004677679], [0.5279352869933341, 0.794350631371785, -0.300485286139792, -0.6566111776465668], [-0.12110950928808253, 0.42060891570388304, 0.8991221423090433, 1.2938604627942913], [0.0, 0.0, 0.0, 1.0]]}, {"file_path": "train_images/00516_image", "transform_matrix": [[0.4430410734837907, -0.7851028639404576, 0.4328141636300985, 0.7689230313327933], [0.8887921412317822, 0.44782969950925744, -0.0974530139198984, -0.3202955131202758], [-0.11731639651367606, 0.4278575151495408, 0.8962002063373489, 1.2858860819458573], [0.0, 0.0, 0.0, 1.0]]}, {"file_path": "train_images/00520_image", "transform_matrix": [[0.2722639381689685, -0.8550916563698467, 0.44123758586434586, 0.8117204799694672], [0.9551959004045797, 0.29550066998689156, -0.016737559188315848, -0.17459886060131857], [-0.11607385503638748, 0.426025366901984, 0.897234220776839, 1.287669808617717], [0.0, 0.0, 0.0, 1.0]]}, {"file_path": "train_images/00522_image", "transform_matrix": [[0.1742105862653424, -0.8802825105048533, 0.4413087052533166, 0.8259737515478636], [0.9778634067736623, 0.20740397624397458, 0.02769022085856153, -0.09255714178916782], [-0.11590439735442642, 0.4267157043482953, 0.8969280229407739, 1.287009046607408], [0.0, 0.0, 0.0, 1.0]]}, {"file_path": "train_images/00523_image", "transform_matrix": [[0.12214546231257187, -0.8900518435800703, 0.4391903935381171, 0.8296388844935904], [0.9856526857062425, 0.1607138486726004, 0.05157365611348127, -0.04780106845834249], [-0.11648720614951336, 0.42658970285809594, 0.8969124573886362, 1.2865593473592418], [0.0, 0.0, 0.0, 1.0]]}, {"file_path": "train_images/00524_image", "transform_matrix": [[0.07003751713319321, -0.8977294773389094, 0.43494428575465405, 0.8299500977031569], [0.9907894655950313, 0.11325780274843478, 0.0742219979689913, -0.005064334630766887], [-0.11589210956631162, 0.4257398919920532, 0.8973932044019861, 1.287302335089369], [0.0, 0.0, 0.0, 1.0]]}, {"file_path": "train_images/00528_image", "transform_matrix": [[-0.13836800590059073, -0.9007569171462705, 0.4116931759894021, 0.8183314064112657], [0.9836449381578571, -0.07659059667583125, 0.1630230540054547, 0.1684921663105486], [-0.11531231755332703, 0.4275170835346663, 0.8966226701943766, 1.2870872463912035], [0.0, 0.0, 0.0, 1.0]]}, {"file_path": "train_images/00532_image", "transform_matrix": [[-0.33270897356828744, -0.869224858246004, 0.36572241483719675, 0.7598223660066539], [0.9357714524654692, -0.256286333060688, 0.24217577136652685, 0.32863042329732745], [-0.11677554391996112, 0.42280664764584786, 0.8986645709321566, 1.2908705437160994], [0.0, 0.0, 0.0, 1.0]]}, {"file_path": "train_images/00534_image", "transform_matrix": [[-0.43191706260710727, -0.8370065222229858, 0.3359579330586354, 0.7170169181692515], [0.8939222147185716, -0.3478066677706476, 0.2827253011085539, 0.4127895478716171], [-0.1197945118170789, 0.4224341411515656, 0.8984423583781248, 1.2903248292417642], [0.0, 0.0, 0.0, 1.0]]}, {"file_path": "train_images/00536_image", "transform_matrix": [[-0.5246730519005057, -0.7949343669939207, 0.3046268878175131, 0.6701866836178122], [0.8427612829305962, -0.4344494390159755, 0.31781614957688953, 0.48797058145496697], [-0.12029799916284885, 0.4234773159340165, 0.8978838200383926, 1.2893043338964643], [0.0, 0.0, 0.0, 1.0]]}, {"file_path": "train_images/00546_image", "transform_matrix": [[-0.8772050277265026, -0.46747228422051446, 0.10945776727578688, 0.34807365043672855], [0.46540713709178777, -0.7719389392147519, 0.4330201737425515, 0.7684805109798978], [-0.1179302169733085, 0.430789899614253, 0.8947136560458716, 1.2809530968299736], [0.0, 0.0, 0.0, 1.0]]}, {"file_path": "train_images/00557_image", "transform_matrix": [[-0.9924657996421542, -0.003272453811181679, -0.12247827393751538, -0.08160646516260542], [-0.04902901604219104, -0.9055086151918121, 0.4214858282307261, 0.8267163877899562], [-0.11228442512919569, 0.4243152588105456, 0.8985258866687958, 1.2898398956253825], [0.0, 0.0, 0.0, 1.0]]}, {"file_path": "train_images/00563_image", "transform_matrix": [[-0.9437636645358973, 0.23373404812014453, -0.23383442913981706, -0.3051335275055634], [-0.30905818543976216, -0.8749196443645944, 0.37282523240469295, 0.7743096149119433], [-0.11744438477192409, 0.42412735192899514, 0.8979547905274755, 1.2901309908056302], [0.0, 0.0, 0.0, 1.0]]}, {"file_path": "train_images/00571_image", "transform_matrix": [[-0.7984016226841729, 0.4964720479695449, -0.3406909955960174, -0.5331712002262061], [-0.5904872053111538, -0.7562918598107301, 0.28168685299078156, 0.6412848027282261], [-0.11781217788965184, 0.42607291438080497, 0.8969850402163596, 1.2876533400632917], [0.0, 0.0, 0.0, 1.0]]}, {"file_path": "train_images/00576_image", "transform_matrix": [[-0.5344633117087072, 0.7321799073697254, -0.4222103168817902, -0.7320505706248306], [-0.8366575925996791, -0.5291337782311957, 0.14149741156674656, 0.4078867865425053], [-0.11980417848585564, 0.42887064247723955, 0.8953864701001959, 1.2841954872320454], [0.0, 0.0, 0.0, 1.0]]}, {"file_path": "train_images/00577_image", "transform_matrix": [[-0.47623515586097637, 0.7662786584433451, -0.43129699040955405, -0.7589658135878299], [-0.8710026343346943, -0.47838394220458175, 0.11181777507546042, 0.355579485411659], [-0.12064197985815063, 0.4289123703684365, 0.8952539814157963, 1.2842598441445956], [0.0, 0.0, 0.0, 1.0]]}, {"file_path": "train_images/00578_image", "transform_matrix": [[-0.4073929528904718, 0.8007590633235172, -0.43910807831378507, -0.7847788664443389], [-0.9053274359220781, -0.41731821216594256, 0.07891605388878102, 0.2970364001685002], [-0.12005505279636301, 0.4296864348567042, 0.8949616483393006, 1.2833801222823737], [0.0, 0.0, 0.0, 1.0]]}, {"file_path": "train_images/00579_image", "transform_matrix": [[-0.3343091833070708, 0.8311055391016287, -0.44441079288328544, -0.8060645020555721], [-0.9348760152736184, -0.3521488704406664, 0.04469909521997005, 0.2351445151836914], [-0.11934909309534171, 0.43041230921286844, 0.8947072359466898, 1.282189764989496], [0.0, 0.0, 0.0, 1.0]]}, {"file_path": "train_images/00581_image", "transform_matrix": [[-0.18348737837641374, 0.8774631377291822, -0.4431600432157766, -0.8270486534842275], [-0.9757850185655136, -0.21718059951859392, -0.026003552369709138, 0.1049620880162671], [-0.11906292252271845, 0.4276576073440087, 0.8960652829795086, 1.2854917811710354], [0.0, 0.0, 0.0, 1.0]]}, {"file_path": "train_images/00582_image", "transform_matrix": [[-0.11279871027302717, 0.8904604407969791, -0.4408589959798841, -0.8332880350879168], [-0.9865661809393068, -0.1531372320138596, -0.05688724635596464, 0.04716561254314272], [-0.11816776881862734, 0.42851976797667474, 0.8957718386205521, 1.2844754379851482], [0.0, 0.0, 0.0, 1.0]]}, {"file_path": "train_images/00584_image", "transform_matrix": [[0.01772044375760516, 0.9033591028241662, -0.4285187478019497, -0.8291813096934233], [-0.992887273032867, -0.03456720530276927, -0.113929677287849, -0.06152686055690103], [-0.11773210659115367, 0.4274896953872381, 0.8963212099550782, 1.2852494189936987], [0.0, 0.0, 0.0, 1.0]]}, {"file_path": "train_images/00585_image", "transform_matrix": [[0.07915775846053302, 0.9047401670099128, -0.41854423837197813, -0.8196002858125112], [-0.989890126830501, 0.021769944997409328, -0.14015565025465157, -0.11247801708401388], [-0.11769276137043581, 0.4254072163159495, 0.8973166187178953, 1.288103036106536], [0.0, 0.0, 0.0, 1.0]]}, {"file_path": "train_images/00586_image", "transform_matrix": [[0.13625287619116347, 0.9021493776899033, -0.40934295409027843, -0.8107419453437912], [-0.9835195114908609, 0.07361222263678305, -0.16513815790195563, -0.161808541985399], [-0.11884664171281421, 0.4250973312221485, 0.8973113922944438, 1.2890335490235976], [0.0, 0.0, 0.0, 1.0]]}, {"file_path": "train_images/00589_image", "transform_matrix": [[0.2853229757327671, 0.8795526711576375, -0.38075963307375915, -0.7788233837877651], [-0.9512136904534735, 0.21120531535556278, -0.2249107153059648, -0.2823270525660499], [-0.11740236204132459, 0.42635597031708394, 0.8969042713478933, 1.2874080034924595], [0.0, 0.0, 0.0, 1.0]]}, {"file_path": "train_images/00598_image", "transform_matrix": [[0.5658395373137193, 0.7705752439288303, -0.2933247542513585, -0.6533065546866539], [-0.8159742038024549, 0.4722703488980521, -0.3333868867857013, -0.5121826295456352], [-0.1183710975768406, 0.42798891457108557, 0.8959987568421723, 1.2851315304840543], [0.0, 0.0, 0.0, 1.0]]}, {"file_path": "train_images/00604_image", "transform_matrix": [[0.7672195141538496, 0.6112638140867754, -0.1942440904882799, -0.49261136084667656], [-0.6307446295875017, 0.6641247854030529, -0.40137199909793686, -0.6725518418136898], [-0.11634186412489858, 0.4304588470474697, 0.8950808631908665, 1.2819407351515055], [0.0, 0.0, 0.0, 1.0]]}, {"file_path": "train_images/00607_image", "transform_matrix": [[0.8424317969355402, 0.5198262260068638, -0.14173694743226894, -0.40320567188524387], [-0.5264336224642481, 0.7380596664224788, -0.4220610974012043, -0.7280982980702239], [-0.11478810326478253, 0.4301727833740766, 0.8954189342386464, 1.2824883164184882], [0.0, 0.0, 0.0, 1.0]]}, {"file_path": "train_images/00610_image", "transform_matrix": [[0.9015218867885444, 0.4232734260042582, -0.0899883019055306, -0.31224126048033657], [-0.4177869821957668, 0.7971735602880763, -0.43585359042387933, -0.7710403037554472], [-0.11274894744066204, 0.4305274922885303, 0.8955075394628301, 1.281745662776674], [0.0, 0.0, 0.0, 1.0]]}, {"file_path": "train_images/00619_image", "transform_matrix": [[0.9944299993009896, 0.069880846935691, 0.07890274850589216, -0.0013860478431006878], [-0.029752829404735913, 0.904280364049745, -0.42590115324623545, -0.8127884625741505], [-0.10111253944316809, 0.4211813035090841, 0.9013226747074227, 1.2919331460967092], [0.0, 0.0, 0.0, 1.0]]}, {"file_path": "train_images/00621_image", "transform_matrix": [[0.9926554707512812, 0.007626192180760126, 0.12073507187381058, 0.08000316428532682], [0.04464053276541095, 0.9044883364608107, -0.42415571673711455, -0.8212127609092492], [-0.11243815732202465, 0.42643017060144467, 0.8975048581366288, 1.2877847746523186], [0.0, 0.0, 0.0, 1.0]]}, {"file_path": "train_images/00626_image", "transform_matrix": [[0.9648037544778735, -0.17067170339740434, 0.20006220283908632, 0.23849761811728917], [0.23805324213022003, 0.8900839300358554, -0.3886917176931064, -0.783472124150365], [-0.11173347419949893, 0.4226366845783209, 0.8993852698326534, 1.2924984729341], [0.0, 0.0, 0.0, 1.0]]}, {"file_path": "train_images/00628_image", "transform_matrix": [[0.9378493226048121, -0.25371217090914405, 0.23678847611795723, 0.31373105668994405], [0.3281485594349515, 0.8703652364337603, -0.3671278771060172, -0.7555966281109043], [-0.11294764729936256, 0.422012428182126, 0.899526730803129, 1.2927351546013104], [0.0, 0.0, 0.0, 1.0]]}, {"file_path": "train_images/00630_image", "transform_matrix": [[0.9025795219231032, -0.33308381268752474, 0.2727734963859289, 0.3881981724647634], [0.4148432224328106, 0.8423034218782549, -0.3441366680459151, -0.7239967869554569], [-0.11513169592524924, 0.423768945556095, 0.8984233820285685, 1.2901541359670792], [0.0, 0.0, 0.0, 1.0]]}, {"file_path": "train_images/00632_image", "transform_matrix": [[0.8650531615455594, -0.4019302872605972, 0.3002250354028559, 0.44671681715980216], [0.48829087086800693, 0.81189208936346, -0.32000509473444144, -0.6886786084915808], [-0.11513059162097475, 0.4234185629039535, 0.8985887087323962, 1.290523551879104], [0.0, 0.0, 0.0, 1.0]]}, {"file_path": "train_images/00635_image", "transform_matrix": [[0.80215996350506, -0.49345883834940013, 0.3362108978073457, 0.5263041596617519], [0.5857659217358749, 0.7595523286063499, -0.28276942027311297, -0.632007704022163], [-0.11583470068369732, 0.42376719429839316, 0.8983338394795034, 1.2899897799809428], [0.0, 0.0, 0.0, 1.0]]}, {"file_path": "train_images/00645_image", "transform_matrix": [[0.4909844712599352, -0.7605887872797517, 0.4247810561288232, 0.7451588552235838], [0.8634370028211714, 0.48967526099146474, -0.12122161907899633, -0.36273821135817036], [-0.11580497027672972, 0.4262896145078572, 0.8971434519751834, 1.2870293328928888], [0.0, 0.0, 0.0, 1.0]]}, {"file_path": "train_images/00650_image", "transform_matrix": [[0.3203222640085252, -0.8390576973250675, 0.43974518501060145, 0.8014524251263583], [0.9402015758404053, 0.3383452741573921, -0.039287049298436655, -0.21624779668574376], [-0.11582160406276239, 0.4260336324926879, 0.8972628934807313, 1.2880067228855263], [0.0, 0.0, 0.0, 1.0]]}, {"file_path": "train_images/00660_image", "transform_matrix": [[-0.28782494975426304, -0.8800007585538698, 0.3778299395807189, 0.7757444851385098], [0.9506129074784881, -0.21467475282046483, 0.22416478455985844, 0.29106881858417694], [-0.11615463156607823, 0.42369023524986515, 0.8983288296162284, 1.289981121611377], [0.0, 0.0, 0.0, 1.0]]}, {"file_path": "train_images/00668_image", "transform_matrix": [[-0.6101652551345504, -0.7441499502320444, 0.271917658485496, 0.6209304074304698], [0.7832027904765468, -0.5147527629202997, 0.34874486670869853, 0.5577857809414669], [-0.11954810921273143, 0.42575866947786695, 0.8969045684732001, 1.2871936561559583], [0.0, 0.0, 0.0, 1.0]]}, {"file_path": "train_images/00672_image", "transform_matrix": [[-0.7312795972307313, -0.6480771380958561, 0.21266446283181417, 0.5250384301976121], [0.6717086880128367, -0.6301040004599658, 0.3895848906880516, 0.6533747698773462], [-0.11848033221650363, 0.4277440492652494, 0.8961012438313177, 1.2849687438306212], [0.0, 0.0, 0.0, 1.0]]}, {"file_path": "train_images/00676_image", "transform_matrix": [[-0.8349