{"camera_angle_x": 0.8836704333486497, "camera_angle_y": 0.6819013496909203, "fl_x": 1522.1201085541113, "fl_y": 1521.954743529035, "k1": 0.0652210706564525, "k2": 0.23102137964696204, "p1": -0.0018667704274258755, "p2": -0.00035823757611365637, "cx": 727.9348613007779, "cy": 541.5426465751151, "w": 1440, "h": 1080, "aabb_scale": 1, "frames": [{"file_path": "train_images/04001_image", "transform_matrix": [[-0.9735942360075048, -0.18195711089641628, -0.13786179096178974, -0.10160524415791301], [-0.07302922922907855, -0.32391720119563117, 0.943262624324634, 1.7179227560398331], [-0.21628914741884217, 0.928422994417856, 0.30207573246623454, 0.16959215080800158], [0.0, 0.0, 0.0, 1.0]]}, {"file_path": "train_images/04001_image", "transform_matrix": [[-0.9735942360075048, -0.18195711089641628, -0.13786179096178974, -0.10160524415791301], [-0.07302922922907855, -0.32391720119563117, 0.943262624324634, 1.7179227560398331], [-0.21628914741884217, 0.928422994417856, 0.30207573246623454, 0.16959215080800158], [0.0, 0.0, 0.0, 1.0]]}, {"file_path": "train_images/03953_image", "transform_matrix": [[0.4814923963097783, -0.1669900849585196, 0.8603948999275937, 1.483829046889869], [0.8498996584906253, 0.32875733738479107, -0.41181207317559443, -0.8677443169088404], [-0.21409260331311283, 0.9295337135581523, 0.3002189743593916, 0.1669139393924901], [0.0, 0.0, 0.0, 1.0]]}, {"file_path": "train_images/03953_image", "transform_matrix": [[0.4814923963097783, -0.1669900849585196, 0.8603948999275937, 1.483829046889869], [0.8498996584906253, 0.32875733738479107, -0.41181207317559443, -0.8677443169088404], [-0.21409260331311283, 0.9295337135581523, 0.3002189743593916, 0.1669139393924901], [0.0, 0.0, 0.0, 1.0]]}, {"file_path": "train_images/03953_image", "transform_matrix": [[0.4814923963097783, -0.1669900849585196, 0.8603948999275937, 1.483829046889869], [0.8498996584906253, 0.32875733738479107, -0.41181207317559443, -0.8677443169088404], [-0.21409260331311283, 0.9295337135581523, 0.3002189743593916, 0.1669139393924901], [0.0, 0.0, 0.0, 1.0]]}, {"file_path": "train_images/03953_image", "transform_matrix": [[0.4814923963097783, -0.1669900849585196, 0.8603948999275937, 1.483829046889869], [0.8498996584906253, 0.32875733738479107, -0.41181207317559443, -0.8677443169088404], [-0.21409260331311283, 0.9295337135581523, 0.3002189743593916, 0.1669139393924901], [0.0, 0.0, 0.0, 1.0]]}, {"file_path": "train_images/03908_image", "transform_matrix": [[0.5045729201983151, 0.36915800100920876, -0.7804668721306687, -1.486798796801676], [-0.8357009930507164, -0.018185511188069964, -0.5488835371887872, -0.8633973287251038], [-0.21681793841052668, 0.9291887092909134, 0.29932979155054956, 0.16611236250656441], [0.0, 0.0, 0.0, 1.0]]}, {"file_path": "train_images/03908_image", "transform_matrix": [[0.5045729201983151, 0.36915800100920876, -0.7804668721306687, -1.486798796801676], [-0.8357009930507164, -0.018185511188069964, -0.5488835371887872, -0.8633973287251038], [-0.21681793841052668, 0.9291887092909134, 0.29932979155054956, 0.16611236250656441], [0.0, 0.0, 0.0, 1.0]]}, {"file_path": "train_images/03908_image", "transform_matrix": [[0.5045729201983151, 0.36915800100920876, -0.7804668721306687, -1.486798796801676], [-0.8357009930507164, -0.018185511188069964, -0.5488835371887872, -0.8633973287251038], [-0.21681793841052668, 0.9291887092909134, 0.29932979155054956, 0.16611236250656441], [0.0, 0.0, 0.0, 1.0]]}, {"file_path": "train_images/04001_image", "transform_matrix": [[-0.9735942360075048, -0.18195711089641628, -0.13786179096178974, -0.10160524415791301], [-0.07302922922907855, -0.32391720119563117, 0.943262624324634, 1.7179227560398331], [-0.21628914741884217, 0.928422994417856, 0.30207573246623454, 0.16959215080800158], [0.0, 0.0, 0.0, 1.0]]}]}