{"camera_angle_x": 0.8836704333486497, "camera_angle_y": 0.6819013496909203, "fl_x": 1522.1201085541113, "fl_y": 1521.954743529035, "k1": 0.0652210706564525, "k2": 0.23102137964696204, "p1": -0.0018667704274258755, "p2": -0.00035823757611365637, "cx": 727.9348613007779, "cy": 541.5426465751151, "w": 1440, "h": 1080, "aabb_scale": 1, "frames": [{"file_path": "train_images/03968_image", "transform_matrix": [[-0.9713277523321805, -0.2372103561153352, 0.015926220548204514, 0.17563761811677445], [0.09524481207592683, -0.32687962384102964, 0.940254293949338, 1.723838374813988], [-0.21783209892468922, 0.9148119798456854, 0.3401003060993647, 0.22017009257770767], [0.0, 0.0, 0.0, 1.0]]}, {"file_path": "train_images/03968_image", "transform_matrix": [[-0.9713277523321805, -0.2372103561153352, 0.015926220548204514, 0.17563761811677445], [0.09524481207592683, -0.32687962384102964, 0.940254293949338, 1.723838374813988], [-0.21783209892468922, 0.9148119798456854, 0.3401003060993647, 0.22017009257770767], [0.0, 0.0, 0.0, 1.0]]}, {"file_path": "train_images/04060_image", "transform_matrix": [[0.36426386392259835, -0.25743193942974385, 0.8950087340365005, 1.615543585477681], [0.9046048393599597, 0.3262380958358515, -0.2743333545742102, -0.6460274108312504], [-0.22136377763021747, 0.9095589598188996, 0.35171092756188455, 0.25159315956803846], [0.0, 0.0, 0.0, 1.0]]}, {"file_path": "train_images/04060_image", "transform_matrix": [[0.36426386392259835, -0.25743193942974385, 0.8950087340365005, 1.615543585477681], [0.9046048393599597, 0.3262380958358515, -0.2743333545742102, -0.6460274108312504], [-0.22136377763021747, 0.9095589598188996, 0.35171092756188455, 0.25159315956803846], [0.0, 0.0, 0.0, 1.0]]}, {"file_path": "train_images/04060_image", "transform_matrix": [[0.36426386392259835, -0.25743193942974385, 0.8950087340365005, 1.615543585477681], [0.9046048393599597, 0.3262380958358515, -0.2743333545742102, -0.6460274108312504], [-0.22136377763021747, 0.9095589598188996, 0.35171092756188455, 0.25159315956803846], [0.0, 0.0, 0.0, 1.0]]}, {"file_path": "train_images/04144_image", "transform_matrix": [[0.45652929088961475, 0.3992744243943247, -0.7950854926260486, -1.532223923296755], [-0.8647235550752508, -0.011169751698709846, -0.502123898998055, -0.7897981085172379], [-0.2093661382789618, 0.9167634213206642, 0.3401626808904598, 0.21987517253453173], [0.0, 0.0, 0.0, 1.0]]}, {"file_path": "train_images/04144_image", "transform_matrix": [[0.45652929088961475, 0.3992744243943247, -0.7950854926260486, -1.532223923296755], [-0.8647235550752508, -0.011169751698709846, -0.502123898998055, -0.7897981085172379], [-0.2093661382789618, 0.9167634213206642, 0.3401626808904598, 0.21987517253453173], [0.0, 0.0, 0.0, 1.0]]}, {"file_path": "train_images/04144_image", "transform_matrix": [[0.45652929088961475, 0.3992744243943247, -0.7950854926260486, -1.532223923296755], [-0.8647235550752508, -0.011169751698709846, -0.502123898998055, -0.7897981085172379], [-0.2093661382789618, 0.9167634213206642, 0.3401626808904598, 0.21987517253453173], [0.0, 0.0, 0.0, 1.0]]}, {"file_path": "train_images/04144_image", "transform_matrix": [[0.45652929088961475, 0.3992744243943247, -0.7950854926260486, -1.532223923296755], [-0.8647235550752508, -0.011169751698709846, -0.502123898998055, -0.7897981085172379], [-0.2093661382789618, 0.9167634213206642, 0.3401626808904598, 0.21987517253453173], [0.0, 0.0, 0.0, 1.0]]}, {"file_path": "train_images/03968_image", "transform_matrix": [[-0.9713277523321805, -0.2372103561153352, 0.015926220548204514, 0.17563761811677445], [0.09524481207592683, -0.32687962384102964, 0.940254293949338, 1.723838374813988], [-0.21783209892468922, 0.9148119798456854, 0.3401003060993647, 0.22017009257770767], [0.0, 0.0, 0.0, 1.0]]}]}