{"camera_angle_x": 0.8836704333486497, "camera_angle_y": 0.6819013496909203, "fl_x": 1522.1201085541113, "fl_y": 1521.954743529035, "k1": 0.0652210706564525, "k2": 0.23102137964696204, "p1": -0.0018667704274258755, "p2": -0.00035823757611365637, "cx": 727.9348613007779, "cy": 541.5426465751151, "w": 1440, "h": 1080, "aabb_scale": 1, "frames": [{"file_path": "train_images/03974_image", "transform_matrix": [[-0.97680969654228, -0.2008304296723579, -0.07422907286632965, 0.009853965544831325], [-0.0068190557103427075, -0.3173313131812509, 0.9482902183160397, 1.716578202472425], [-0.21400074116740347, 0.9268052525705057, 0.30860282984367304, 0.18821422447487884], [0.0, 0.0, 0.0, 1.0]]}, {"file_path": "train_images/03932_image", "transform_matrix": [[0.42906707689441204, -0.19792325244929526, 0.881321638033004, 1.5308480713725545], [0.877487632906695, 0.3227962513231979, -0.35470837913347386, -0.7642882519986978], [-0.21428228489795914, 0.9255425253717862, 0.3121764502766448, 0.19411630944121766], [0.0, 0.0, 0.0, 1.0]]}, {"file_path": "train_images/04152_image", "transform_matrix": [[0.49226792521572954, 0.3744900024521117, -0.785766840651359, -1.4893471023000675], [-0.8439531985626424, -0.015668272183239684, -0.5361879370917224, -0.8395444066077127], [-0.2131086306081617, 0.9270985618100209, 0.30833904755983277, 0.18833524969025295], [0.0, 0.0, 0.0, 1.0]]}]}