{"camera_angle_x": 0.8836704333486497, "camera_angle_y": 0.6819013496909203, "fl_x": 1522.1201085541113, "fl_y": 1521.954743529035, "k1": 0.0652210706564525, "k2": 0.23102137964696204, "p1": -0.0018667704274258755, "p2": -0.00035823757611365637, "cx": 727.9348613007779, "cy": 541.5426465751151, "w": 1440, "h": 1080, "aabb_scale": 1, "frames": [{"file_path": "train_images/03871_image", "transform_matrix": [[-0.9762001889897246, -0.20572431012574968, -0.0686345338711518, 0.02084246183678501], [-0.0011169097756380307, -0.31170245469204616, 0.9501791053540937, 1.7324850714396687], [-0.2168684936291554, 0.9276416808025808, 0.3040542196858707, 0.16764864469745566], [0.0, 0.0, 0.0, 1.0]]}, {"file_path": "train_images/03871_image", "transform_matrix": [[-0.9762001889897246, -0.20572431012574968, -0.0686345338711518, 0.02084246183678501], [-0.0011169097756380307, -0.31170245469204616, 0.9501791053540937, 1.7324850714396687], [-0.2168684936291554, 0.9276416808025808, 0.3040542196858707, 0.16764864469745566], [0.0, 0.0, 0.0, 1.0]]}, {"file_path": "train_images/03958_image", "transform_matrix": [[0.3746183864302767, -0.21264926240484888, 0.9024640467891504, 1.588020192588015], [0.8999827805933971, 0.3174151429285731, -0.29879528389017607, -0.6722072514023305], [-0.22291715767018325, 0.9241363093387833, 0.3102902231426885, 0.18029901809922935], [0.0, 0.0, 0.0, 1.0]]}, {"file_path": "train_images/03958_image", "transform_matrix": [[0.3746183864302767, -0.21264926240484888, 0.9024640467891504, 1.588020192588015], [0.8999827805933971, 0.3174151429285731, -0.29879528389017607, -0.6722072514023305], [-0.22291715767018325, 0.9241363093387833, 0.3102902231426885, 0.18029901809922935], [0.0, 0.0, 0.0, 1.0]]}, {"file_path": "train_images/03958_image", "transform_matrix": [[0.3746183864302767, -0.21264926240484888, 0.9024640467891504, 1.588020192588015], [0.8999827805933971, 0.3174151429285731, -0.29879528389017607, -0.6722072514023305], [-0.22291715767018325, 0.9241363093387833, 0.3102902231426885, 0.18029901809922935], [0.0, 0.0, 0.0, 1.0]]}, {"file_path": "train_images/04039_image", "transform_matrix": [[0.4890769811024183, 0.37601210072669683, -0.7870315156731916, -1.5032961319783125], [-0.8457344717701191, -0.01632225293137446, -0.5333542793668781, -0.8407474493065197], [-0.21339379048009416, 0.9264709839851114, 0.31002355719879904, 0.17855275443280444], [0.0, 0.0, 0.0, 1.0]]}, {"file_path": "train_images/04039_image", "transform_matrix": [[0.4890769811024183, 0.37601210072669683, -0.7870315156731916, -1.5032961319783125], [-0.8457344717701191, -0.01632225293137446, -0.5333542793668781, -0.8407474493065197], [-0.21339379048009416, 0.9264709839851114, 0.31002355719879904, 0.17855275443280444], [0.0, 0.0, 0.0, 1.0]]}, {"file_path": "train_images/04039_image", "transform_matrix": [[0.4890769811024183, 0.37601210072669683, -0.7870315156731916, -1.5032961319783125], [-0.8457344717701191, -0.01632225293137446, -0.5333542793668781, -0.8407474493065197], [-0.21339379048009416, 0.9264709839851114, 0.31002355719879904, 0.17855275443280444], [0.0, 0.0, 0.0, 1.0]]}, {"file_path": "train_images/04039_image", "transform_matrix": [[0.4890769811024183, 0.37601210072669683, -0.7870315156731916, -1.5032961319783125], [-0.8457344717701191, -0.01632225293137446, -0.5333542793668781, -0.8407474493065197], [-0.21339379048009416, 0.9264709839851114, 0.31002355719879904, 0.17855275443280444], [0.0, 0.0, 0.0, 1.0]]}, {"file_path": "train_images/03871_image", "transform_matrix": [[-0.9762001889897246, -0.20572431012574968, -0.0686345338711518, 0.02084246183678501], [-0.0011169097756380307, -0.31170245469204616, 0.9501791053540937, 1.7324850714396687], [-0.2168684936291554, 0.9276416808025808, 0.3040542196858707, 0.16764864469745566], [0.0, 0.0, 0.0, 1.0]]}]}