{"camera_angle_x": 0.8836704333486497, "camera_angle_y": 0.6819013496909203, "fl_x": 1522.1201085541113, "fl_y": 1521.954743529035, "k1": 0.0652210706564525, "k2": 0.23102137964696204, "p1": -0.0018667704274258755, "p2": -0.00035823757611365637, "cx": 727.9348613007779, "cy": 541.5426465751151, "w": 1440, "h": 1080, "aabb_scale": 1, "frames": [{"file_path": "train_images/04114_image", "transform_matrix": [[-0.9754040009470512, -0.18945348937916445, -0.1126694736765192, -0.06055116010410311], [-0.04385472917564497, -0.33413363577056704, 0.9415048997087976, 1.7179907986348923], [-0.21601804939730354, 0.9232887353416596, 0.3176068537134917, 0.2001389766832093], [0.0, 0.0, 0.0, 1.0]]}, {"file_path": "train_images/04067_image", "transform_matrix": [[0.42955178657191845, -0.2020596149151894, 0.8801461098438135, 1.5362605008009655], [0.876589244220762, 0.32747385016582764, -0.3526360366922845, -0.7628719004883986], [-0.2169713335197675, 0.9230020528026437, 0.3177902625203601, 0.20161641436012165], [0.0, 0.0, 0.0, 1.0]]}, {"file_path": "train_images/03896_image", "transform_matrix": [[0.5537151913018955, 0.42611940657889125, -0.715417177776966, -1.3822900370442444], [-0.8056970427146635, 0.05712053265962713, -0.5895672312039792, -0.9487208377494591], [-0.21036102843053212, 0.9028618366536123, 0.37495165239283157, 0.3059651569094972], [0.0, 0.0, 0.0, 1.0]]}]}