{"camera_angle_x": 0.8836704333486497, "camera_angle_y": 0.6819013496909203, "fl_x": 1522.1201085541113, "fl_y": 1521.954743529035, "k1": 0.0652210706564525, "k2": 0.23102137964696204, "p1": -0.0018667704274258755, "p2": -0.00035823757611365637, "cx": 727.9348613007779, "cy": 541.5426465751151, "w": 1440, "h": 1080, "aabb_scale": 1, "frames": [{"file_path": "train_images/04086_image", "transform_matrix": [[-0.9759539675688522, -0.21533103561865855, -0.03385850389505845, 0.08263577896548226], [0.03310880128237688, -0.2999683598814666, 0.9533744229565145, 1.7187731782488829], [-0.2154475817090082, 0.9293285361858953, 0.2998846634396652, 0.17194403074731301], [0.0, 0.0, 0.0, 1.0]]}, {"file_path": "train_images/04086_image", "transform_matrix": [[-0.9759539675688522, -0.21533103561865855, -0.03385850389505845, 0.08263577896548226], [0.03310880128237688, -0.2999683598814666, 0.9533744229565145, 1.7187731782488829], [-0.2154475817090082, 0.9293285361858953, 0.2998846634396652, 0.17194403074731301], [0.0, 0.0, 0.0, 1.0]]}, {"file_path": "train_images/04086_image", "transform_matrix": [[-0.9759539675688522, -0.21533103561865855, -0.03385850389505845, 0.08263577896548226], [0.03310880128237688, -0.2999683598814666, 0.9533744229565145, 1.7187731782488829], [-0.2154475817090082, 0.9293285361858953, 0.2998846634396652, 0.17194403074731301], [0.0, 0.0, 0.0, 1.0]]}, {"file_path": "train_images/04086_image", "transform_matrix": [[-0.9759539675688522, -0.21533103561865855, -0.03385850389505845, 0.08263577896548226], [0.03310880128237688, -0.2999683598814666, 0.9533744229565145, 1.7187731782488829], [-0.2154475817090082, 0.9293285361858953, 0.2998846634396652, 0.17194403074731301], [0.0, 0.0, 0.0, 1.0]]}, {"file_path": "train_images/04086_image", "transform_matrix": [[-0.9759539675688522, -0.21533103561865855, -0.03385850389505845, 0.08263577896548226], [0.03310880128237688, -0.2999683598814666, 0.9533744229565145, 1.7187731782488829], [-0.2154475817090082, 0.9293285361858953, 0.2998846634396652, 0.17194403074731301], [0.0, 0.0, 0.0, 1.0]]}, {"file_path": "train_images/04041_image", "transform_matrix": [[0.40100298837539605, -0.1933438028170345, 0.8954411076258727, 1.5575105252154562], [0.8912726906437215, 0.30826317105933176, -0.3325760188004333, -0.7249504999980141], [-0.21173000313300655, 0.9314461827076714, 0.29593650415689543, 0.16406580963873568], [0.0, 0.0, 0.0, 1.0]]}, {"file_path": "train_images/04041_image", "transform_matrix": [[0.40100298837539605, -0.1933438028170345, 0.8954411076258727, 1.5575105252154562], [0.8912726906437215, 0.30826317105933176, -0.3325760188004333, -0.7249504999980141], [-0.21173000313300655, 0.9314461827076714, 0.29593650415689543, 0.16406580963873568], [0.0, 0.0, 0.0, 1.0]]}, {"file_path": "train_images/04041_image", "transform_matrix": [[0.40100298837539605, -0.1933438028170345, 0.8954411076258727, 1.5575105252154562], [0.8912726906437215, 0.30826317105933176, -0.3325760188004333, -0.7249504999980141], [-0.21173000313300655, 0.9314461827076714, 0.29593650415689543, 0.16406580963873568], [0.0, 0.0, 0.0, 1.0]]}, {"file_path": "train_images/04041_image", "transform_matrix": [[0.40100298837539605, -0.1933438028170345, 0.8954411076258727, 1.5575105252154562], [0.8912726906437215, 0.30826317105933176, -0.3325760188004333, -0.7249504999980141], [-0.21173000313300655, 0.9314461827076714, 0.29593650415689543, 0.16406580963873568], [0.0, 0.0, 0.0, 1.0]]}, {"file_path": "train_images/04041_image", "transform_matrix": [[0.40100298837539605, -0.1933438028170345, 0.8954411076258727, 1.5575105252154562], [0.8912726906437215, 0.30826317105933176, -0.3325760188004333, -0.7249504999980141], [-0.21173000313300655, 0.9314461827076714, 0.29593650415689543, 0.16406580963873568], [0.0, 0.0, 0.0, 1.0]]}, {"file_path": "train_images/04041_image", "transform_matrix": [[0.40100298837539605, -0.1933438028170345, 0.8954411076258727, 1.5575105252154562], [0.8912726906437215, 0.30826317105933176, -0.3325760188004333, -0.7249504999980141], [-0.21173000313300655, 0.9314461827076714, 0.29593650415689543, 0.16406580963873568], [0.0, 0.0, 0.0, 1.0]]}, {"file_path": "train_images/04041_image", "transform_matrix": [[0.40100298837539605, -0.1933438028170345, 0.8954411076258727, 1.5575105252154562], [0.8912726906437215, 0.30826317105933176, -0.3325760188004333, -0.7249504999980141], [-0.21173000313300655, 0.9314461827076714, 0.29593650415689543, 0.16406580963873568], [0.0, 0.0, 0.0, 1.0]]}, {"file_path": "train_images/04041_image", "transform_matrix": [[0.40100298837539605, -0.1933438028170345, 0.8954411076258727, 1.5575105252154562], [0.8912726906437215, 0.30826317105933176, -0.3325760188004333, -0.7249504999980141], [-0.21173000313300655, 0.9314461827076714, 0.29593650415689543, 0.16406580963873568], [0.0, 0.0, 0.0, 1.0]]}, {"file_path": "train_images/03991_image", "transform_matrix": [[0.5204722919618548, 0.36666547693911294, -0.7711452660303288, -1.46578368191249], [-0.8254484241923439, -0.015045081804376026, -0.5642770104406842, -0.8930478699102652], [-0.21850284276949386, 0.9302311935935671, 0.29483289193564777, 0.16323822432261062], [0.0, 0.0, 0.0, 1.0]]}, {"file_path": "train_images/03991_image", "transform_matrix": [[0.5204722919618548, 0.36666547693911294, -0.7711452660303288, -1.46578368191249], [-0.8254484241923439, -0.015045081804376026, -0.5642770104406842, -0.8930478699102652], [-0.21850284276949386, 0.9302311935935671, 0.29483289193564777, 0.16323822432261062], [0.0, 0.0, 0.0, 1.0]]}, {"file_path": "train_images/03991_image", "transform_matrix": [[0.5204722919618548, 0.36666547693911294, -0.7711452660303288, -1.46578368191249], [-0.8254484241923439, -0.015045081804376026, -0.5642770104406842, -0.8930478699102652], [-0.21850284276949386, 0.9302311935935671, 0.29483289193564777, 0.16323822432261062], [0.0, 0.0, 0.0, 1.0]]}, {"file_path": "train_images/03991_image", "transform_matrix": [[0.5204722919618548, 0.36666547693911294, -0.7711452660303288, -1.46578368191249], [-0.8254484241923439, -0.015045081804376026, -0.5642770104406842, -0.8930478699102652], [-0.21850284276949386, 0.9302311935935671, 0.29483289193564777, 0.16323822432261062], [0.0, 0.0, 0.0, 1.0]]}, {"file_path": "train_images/03991_image", "transform_matrix": [[0.5204722919618548, 0.36666547693911294, -0.7711452660303288, -1.46578368191249], [-0.8254484241923439, -0.015045081804376026, -0.5642770104406842, -0.8930478699102652], [-0.21850284276949386, 0.9302311935935671, 0.29483289193564777, 0.16323822432261062], [0.0, 0.0, 0.0, 1.0]]}, {"file_path": "train_images/03991_image", "transform_matrix": [[0.5204722919618548, 0.36666547693911294, -0.7711452660303288, -1.46578368191249], [-0.8254484241923439, -0.015045081804376026, -0.5642770104406842, -0.8930478699102652], [-0.21850284276949386, 0.9302311935935671, 0.29483289193564777, 0.16323822432261062], [0.0, 0.0, 0.0, 1.0]]}, {"file_path": "train_images/03991_image", "transform_matrix": [[0.5204722919618548, 0.36666547693911294, -0.7711452660303288, -1.46578368191249], [-0.8254484241923439, -0.015045081804376026, -0.5642770104406842, -0.8930478699102652], [-0.21850284276949386, 0.9302311935935671, 0.29483289193564777, 0.16323822432261062], [0.0, 0.0, 0.0, 1.0]]}, {"file_path": "train_images/03991_image", "transform_matrix": [[0.5204722919618548, 0.36666547693911294, -0.7711452660303288, -1.46578368191249], [-0.8254484241923439, -0.015045081804376026, -0.5642770104406842, -0.8930478699102652], [-0.21850284276949386, 0.9302311935935671, 0.29483289193564777, 0.16323822432261062], [0.0, 0.0, 0.0, 1.0]]}, {"file_path": "train_images/04086_image", "transform_matrix": [[-0.9759539675688522, -0.21533103561865855, -0.03385850389505845, 0.08263577896548226], [0.03310880128237688, -0.2999683598814666, 0.9533744229565145, 1.7187731782488829], [-0.2154475817090082, 0.9293285361858953, 0.2998846634396652, 0.17194403074731301], [0.0, 0.0, 0.0, 1.0]]}, {"file_path": "train_images/04086_image", "transform_matrix": [[-0.9759539675688522, -0.21533103561865855, -0.03385850389505845, 0.08263577896548226], [0.03310880128237688, -0.2999683598814666, 0.9533744229565145, 1.7187731782488829], [-0.2154475817090082, 0.9293285361858953, 0.2998846634396652, 0.17194403074731301], [0.0, 0.0, 0.0, 1.0]]}, {"file_path": "train_images/04086_image", "transform_matrix": [[-0.9759539675688522, -0.21533103561865855, -0.03385850389505845, 0.08263577896548226], [0.03310880128237688, -0.2999683598814666, 0.9533744229565145, 1.7187731782488829], [-0.2154475817090082, 0.9293285361858953, 0.2998846634396652, 0.17194403074731301], [0.0, 0.0, 0.0, 1.0]]}, {"file_path": "train_images/04086_image", "transform_matrix": [[-0.9759539675688522, -0.21533103561865855, -0.03385850389505845, 0.08263577896548226], [0.03310880128237688, -0.2999683598814666, 0.9533744229565145, 1.7187731782488829], [-0.2154475817090082, 0.9293285361858953, 0.2998846634396652, 0.17194403074731301], [0.0, 0.0, 0.0, 1.0]]}]}