{"camera_angle_x": 0.8836704333486497, "camera_angle_y": 0.6819013496909203, "fl_x": 1522.1201085541113, "fl_y": 1521.954743529035, "k1": 0.0652210706564525, "k2": 0.23102137964696204, "p1": -0.0018667704274258755, "p2": -0.00035823757611365637, "cx": 727.9348613007779, "cy": 541.5426465751151, "w": 1440, "h": 1080, "aabb_scale": 1, "frames": [{"file_path": "train_images/03859_image", "transform_matrix": [[-0.9697107077899754, -0.16864172865232946, -0.17669496471212498, -0.17290905676463852], [-0.11343455136114508, -0.32972952362732, 0.9372358528172064, 1.7159429592977191], [-0.216318620915909, 0.9288909562514077, 0.3006124509054549, 0.1617897218936827], [0.0, 0.0, 0.0, 1.0]]}, {"file_path": "train_images/03859_image", "transform_matrix": [[-0.9697107077899754, -0.16864172865232946, -0.17669496471212498, -0.17290905676463852], [-0.11343455136114508, -0.32972952362732, 0.9372358528172064, 1.7159429592977191], [-0.216318620915909, 0.9288909562514077, 0.3006124509054549, 0.1617897218936827], [0.0, 0.0, 0.0, 1.0]]}, {"file_path": "train_images/03859_image", "transform_matrix": [[-0.9697107077899754, -0.16864172865232946, -0.17669496471212498, -0.17290905676463852], [-0.11343455136114508, -0.32972952362732, 0.9372358528172064, 1.7159429592977191], [-0.216318620915909, 0.9288909562514077, 0.3006124509054549, 0.1617897218936827], [0.0, 0.0, 0.0, 1.0]]}, {"file_path": "train_images/03859_image", "transform_matrix": [[-0.9697107077899754, -0.16864172865232946, -0.17669496471212498, -0.17290905676463852], [-0.11343455136114508, -0.32972952362732, 0.9372358528172064, 1.7159429592977191], [-0.216318620915909, 0.9288909562514077, 0.3006124509054549, 0.1617897218936827], [0.0, 0.0, 0.0, 1.0]]}, {"file_path": "train_images/03956_image", "transform_matrix": [[0.3916837872347221, -0.20692439336556703, 0.8965300364448238, 1.5717856255973028], [0.8934890596669135, 0.3181843757264286, -0.31691639796501175, -0.7059300760500944], [-0.21968411656967785, 0.9251707942179515, 0.3095123429737903, 0.18326614747308817], [0.0, 0.0, 0.0, 1.0]]}, {"file_path": "train_images/03956_image", "transform_matrix": [[0.3916837872347221, -0.20692439336556703, 0.8965300364448238, 1.5717856255973028], [0.8934890596669135, 0.3181843757264286, -0.31691639796501175, -0.7059300760500944], [-0.21968411656967785, 0.9251707942179515, 0.3095123429737903, 0.18326614747308817], [0.0, 0.0, 0.0, 1.0]]}, {"file_path": "train_images/03956_image", "transform_matrix": [[0.3916837872347221, -0.20692439336556703, 0.8965300364448238, 1.5717856255973028], [0.8934890596669135, 0.3181843757264286, -0.31691639796501175, -0.7059300760500944], [-0.21968411656967785, 0.9251707942179515, 0.3095123429737903, 0.18326614747308817], [0.0, 0.0, 0.0, 1.0]]}, {"file_path": "train_images/03956_image", "transform_matrix": [[0.3916837872347221, -0.20692439336556703, 0.8965300364448238, 1.5717856255973028], [0.8934890596669135, 0.3181843757264286, -0.31691639796501175, -0.7059300760500944], [-0.21968411656967785, 0.9251707942179515, 0.3095123429737903, 0.18326614747308817], [0.0, 0.0, 0.0, 1.0]]}, {"file_path": "train_images/03956_image", "transform_matrix": [[0.3916837872347221, -0.20692439336556703, 0.8965300364448238, 1.5717856255973028], [0.8934890596669135, 0.3181843757264286, -0.31691639796501175, -0.7059300760500944], [-0.21968411656967785, 0.9251707942179515, 0.3095123429737903, 0.18326614747308817], [0.0, 0.0, 0.0, 1.0]]}, {"file_path": "train_images/03956_image", "transform_matrix": [[0.3916837872347221, -0.20692439336556703, 0.8965300364448238, 1.5717856255973028], [0.8934890596669135, 0.3181843757264286, -0.31691639796501175, -0.7059300760500944], [-0.21968411656967785, 0.9251707942179515, 0.3095123429737903, 0.18326614747308817], [0.0, 0.0, 0.0, 1.0]]}, {"file_path": "train_images/03956_image", "transform_matrix": [[0.3916837872347221, -0.20692439336556703, 0.8965300364448238, 1.5717856255973028], [0.8934890596669135, 0.3181843757264286, -0.31691639796501175, -0.7059300760500944], [-0.21968411656967785, 0.9251707942179515, 0.3095123429737903, 0.18326614747308817], [0.0, 0.0, 0.0, 1.0]]}, {"file_path": "train_images/03956_image", "transform_matrix": [[0.3916837872347221, -0.20692439336556703, 0.8965300364448238, 1.5717856255973028], [0.8934890596669135, 0.3181843757264286, -0.31691639796501175, -0.7059300760500944], [-0.21968411656967785, 0.9251707942179515, 0.3095123429737903, 0.18326614747308817], [0.0, 0.0, 0.0, 1.0]]}, {"file_path": "train_images/03956_image", "transform_matrix": [[0.3916837872347221, -0.20692439336556703, 0.8965300364448238, 1.5717856255973028], [0.8934890596669135, 0.3181843757264286, -0.31691639796501175, -0.7059300760500944], [-0.21968411656967785, 0.9251707942179515, 0.3095123429737903, 0.18326614747308817], [0.0, 0.0, 0.0, 1.0]]}, {"file_path": "train_images/03909_image", "transform_matrix": [[0.6191617338347009, 0.3700186623717857, -0.6926217848518782, -1.348802370223955], [-0.7553467606355351, 0.039496211025117245, -0.6541340233561186, -1.067194481883589], [-0.21468586015900232, 0.9281843775949118, 0.30394694049543497, 0.17182438778411607], [0.0, 0.0, 0.0, 1.0]]}, {"file_path": "train_images/03909_image", "transform_matrix": [[0.6191617338347009, 0.3700186623717857, -0.6926217848518782, -1.348802370223955], [-0.7553467606355351, 0.039496211025117245, -0.6541340233561186, -1.067194481883589], [-0.21468586015900232, 0.9281843775949118, 0.30394694049543497, 0.17182438778411607], [0.0, 0.0, 0.0, 1.0]]}, {"file_path": "train_images/03909_image", "transform_matrix": [[0.6191617338347009, 0.3700186623717857, -0.6926217848518782, -1.348802370223955], [-0.7553467606355351, 0.039496211025117245, -0.6541340233561186, -1.067194481883589], [-0.21468586015900232, 0.9281843775949118, 0.30394694049543497, 0.17182438778411607], [0.0, 0.0, 0.0, 1.0]]}, {"file_path": "train_images/03909_image", "transform_matrix": [[0.6191617338347009, 0.3700186623717857, -0.6926217848518782, -1.348802370223955], [-0.7553467606355351, 0.039496211025117245, -0.6541340233561186, -1.067194481883589], [-0.21468586015900232, 0.9281843775949118, 0.30394694049543497, 0.17182438778411607], [0.0, 0.0, 0.0, 1.0]]}, {"file_path": "train_images/03909_image", "transform_matrix": [[0.6191617338347009, 0.3700186623717857, -0.6926217848518782, -1.348802370223955], [-0.7553467606355351, 0.039496211025117245, -0.6541340233561186, -1.067194481883589], [-0.21468586015900232, 0.9281843775949118, 0.30394694049543497, 0.17182438778411607], [0.0, 0.0, 0.0, 1.0]]}, {"file_path": "train_images/03909_image", "transform_matrix": [[0.6191617338347009, 0.3700186623717857, -0.6926217848518782, -1.348802370223955], [-0.7553467606355351, 0.039496211025117245, -0.6541340233561186, -1.067194481883589], [-0.21468586015900232, 0.9281843775949118, 0.30394694049543497, 0.17182438778411607], [0.0, 0.0, 0.0, 1.0]]}, {"file_path": "train_images/03909_image", "transform_matrix": [[0.6191617338347009, 0.3700186623717857, -0.6926217848518782, -1.348802370223955], [-0.7553467606355351, 0.039496211025117245, -0.6541340233561186, -1.067194481883589], [-0.21468586015900232, 0.9281843775949118, 0.30394694049543497, 0.17182438778411607], [0.0, 0.0, 0.0, 1.0]]}, {"file_path": "train_images/03909_image", "transform_matrix": [[0.6191617338347009, 0.3700186623717857, -0.6926217848518782, -1.348802370223955], [-0.7553467606355351, 0.039496211025117245, -0.6541340233561186, -1.067194481883589], [-0.21468586015900232, 0.9281843775949118, 0.30394694049543497, 0.17182438778411607], [0.0, 0.0, 0.0, 1.0]]}, {"file_path": "train_images/03859_image", "transform_matrix": [[-0.9697107077899754, -0.16864172865232946, -0.17669496471212498, -0.17290905676463852], [-0.11343455136114508, -0.32972952362732, 0.9372358528172064, 1.7159429592977191], [-0.216318620915909, 0.9288909562514077, 0.3006124509054549, 0.1617897218936827], [0.0, 0.0, 0.0, 1.0]]}, {"file_path": "train_images/03859_image", "transform_matrix": [[-0.9697107077899754, -0.16864172865232946, -0.17669496471212498, -0.17290905676463852], [-0.11343455136114508, -0.32972952362732, 0.9372358528172064, 1.7159429592977191], [-0.216318620915909, 0.9288909562514077, 0.3006124509054549, 0.1617897218936827], [0.0, 0.0, 0.0, 1.0]]}, {"file_path": "train_images/03859_image", "transform_matrix": [[-0.9697107077899754, -0.16864172865232946, -0.17669496471212498, -0.17290905676463852], [-0.11343455136114508, -0.32972952362732, 0.9372358528172064, 1.7159429592977191], [-0.216318620915909, 0.9288909562514077, 0.3006124509054549, 0.1617897218936827], [0.0, 0.0, 0.0, 1.0]]}, {"file_path": "train_images/03859_image", "transform_matrix": [[-0.9697107077899754, -0.16864172865232946, -0.17669496471212498, -0.17290905676463852], [-0.11343455136114508, -0.32972952362732, 0.9372358528172064, 1.7159429592977191], [-0.216318620915909, 0.9288909562514077, 0.3006124509054549, 0.1617897218936827], [0.0, 0.0, 0.0, 1.0]]}]}