{"camera_angle_x": 0.8836704333486497, "camera_angle_y": 0.6819013496909203, "fl_x": 1522.1201085541113, "fl_y": 1521.954743529035, "k1": 0.0652210706564525, "k2": 0.23102137964696204, "p1": -0.0018667704274258755, "p2": -0.00035823757611365637, "cx": 727.9348613007779, "cy": 541.5426465751151, "w": 1440, "h": 1080, "aabb_scale": 1, "frames": [{"file_path": "train_images/04101_image", "transform_matrix": [[-0.9733506521482257, -0.2292635492088503, 0.005170393291127923, 0.15446232982495361], [0.07584976596166851, -0.30058309174945713, 0.9507347779259459, 1.716983430638235], [-0.21641469674258257, 0.9257904892352797, 0.3099623349300968, 0.1761098102771652], [0.0, 0.0, 0.0, 1.0]]}, {"file_path": "train_images/04101_image", "transform_matrix": [[-0.9733506521482257, -0.2292635492088503, 0.005170393291127923, 0.15446232982495361], [0.07584976596166851, -0.30058309174945713, 0.9507347779259459, 1.716983430638235], [-0.21641469674258257, 0.9257904892352797, 0.3099623349300968, 0.1761098102771652], [0.0, 0.0, 0.0, 1.0]]}, {"file_path": "train_images/04101_image", "transform_matrix": [[-0.9733506521482257, -0.2292635492088503, 0.005170393291127923, 0.15446232982495361], [0.07584976596166851, -0.30058309174945713, 0.9507347779259459, 1.716983430638235], [-0.21641469674258257, 0.9257904892352797, 0.3099623349300968, 0.1761098102771652], [0.0, 0.0, 0.0, 1.0]]}, {"file_path": "train_images/04101_image", "transform_matrix": [[-0.9733506521482257, -0.2292635492088503, 0.005170393291127923, 0.15446232982495361], [0.07584976596166851, -0.30058309174945713, 0.9507347779259459, 1.716983430638235], [-0.21641469674258257, 0.9257904892352797, 0.3099623349300968, 0.1761098102771652], [0.0, 0.0, 0.0, 1.0]]}, {"file_path": "train_images/04101_image", "transform_matrix": [[-0.9733506521482257, -0.2292635492088503, 0.005170393291127923, 0.15446232982495361], [0.07584976596166851, -0.30058309174945713, 0.9507347779259459, 1.716983430638235], [-0.21641469674258257, 0.9257904892352797, 0.3099623349300968, 0.1761098102771652], [0.0, 0.0, 0.0, 1.0]]}, {"file_path": "train_images/03917_image", "transform_matrix": [[0.48670259831819807, -0.17554488446665595, 0.8557479619186383, 1.482276156872406], [0.8460792524252888, 0.33853397869916857, -0.4117579918854951, -0.866213903482444], [-0.21741775319825973, 0.9244342804135399, 0.31329025166851476, 0.1819781936952225], [0.0, 0.0, 0.0, 1.0]]}, {"file_path": "train_images/03917_image", "transform_matrix": [[0.48670259831819807, -0.17554488446665595, 0.8557479619186383, 1.482276156872406], [0.8460792524252888, 0.33853397869916857, -0.4117579918854951, -0.866213903482444], [-0.21741775319825973, 0.9244342804135399, 0.31329025166851476, 0.1819781936952225], [0.0, 0.0, 0.0, 1.0]]}, {"file_path": "train_images/03917_image", "transform_matrix": [[0.48670259831819807, -0.17554488446665595, 0.8557479619186383, 1.482276156872406], [0.8460792524252888, 0.33853397869916857, -0.4117579918854951, -0.866213903482444], [-0.21741775319825973, 0.9244342804135399, 0.31329025166851476, 0.1819781936952225], [0.0, 0.0, 0.0, 1.0]]}, {"file_path": "train_images/03917_image", "transform_matrix": [[0.48670259831819807, -0.17554488446665595, 0.8557479619186383, 1.482276156872406], [0.8460792524252888, 0.33853397869916857, -0.4117579918854951, -0.866213903482444], [-0.21741775319825973, 0.9244342804135399, 0.31329025166851476, 0.1819781936952225], [0.0, 0.0, 0.0, 1.0]]}, {"file_path": "train_images/03917_image", "transform_matrix": [[0.48670259831819807, -0.17554488446665595, 0.8557479619186383, 1.482276156872406], [0.8460792524252888, 0.33853397869916857, -0.4117579918854951, -0.866213903482444], [-0.21741775319825973, 0.9244342804135399, 0.31329025166851476, 0.1819781936952225], [0.0, 0.0, 0.0, 1.0]]}, {"file_path": "train_images/03917_image", "transform_matrix": [[0.48670259831819807, -0.17554488446665595, 0.8557479619186383, 1.482276156872406], [0.8460792524252888, 0.33853397869916857, -0.4117579918854951, -0.866213903482444], [-0.21741775319825973, 0.9244342804135399, 0.31329025166851476, 0.1819781936952225], [0.0, 0.0, 0.0, 1.0]]}, {"file_path": "train_images/03917_image", "transform_matrix": [[0.48670259831819807, -0.17554488446665595, 0.8557479619186383, 1.482276156872406], [0.8460792524252888, 0.33853397869916857, -0.4117579918854951, -0.866213903482444], [-0.21741775319825973, 0.9244342804135399, 0.31329025166851476, 0.1819781936952225], [0.0, 0.0, 0.0, 1.0]]}, {"file_path": "train_images/03917_image", "transform_matrix": [[0.48670259831819807, -0.17554488446665595, 0.8557479619186383, 1.482276156872406], [0.8460792524252888, 0.33853397869916857, -0.4117579918854951, -0.866213903482444], [-0.21741775319825973, 0.9244342804135399, 0.31329025166851476, 0.1819781936952225], [0.0, 0.0, 0.0, 1.0]]}, {"file_path": "train_images/04005_image", "transform_matrix": [[0.4661722023639912, 0.38127941867566517, -0.7983166556182157, -1.5159819953626006], [-0.8570885007546204, -0.029018956292200776, -0.51435124384987, -0.8017843119621765], [-0.2192778593869046, 0.9240042776254113, 0.31326237455627937, 0.18334398285291542], [0.0, 0.0, 0.0, 1.0]]}, {"file_path": "train_images/04005_image", "transform_matrix": [[0.4661722023639912, 0.38127941867566517, -0.7983166556182157, -1.5159819953626006], [-0.8570885007546204, -0.029018956292200776, -0.51435124384987, -0.8017843119621765], [-0.2192778593869046, 0.9240042776254113, 0.31326237455627937, 0.18334398285291542], [0.0, 0.0, 0.0, 1.0]]}, {"file_path": "train_images/04005_image", "transform_matrix": [[0.4661722023639912, 0.38127941867566517, -0.7983166556182157, -1.5159819953626006], [-0.8570885007546204, -0.029018956292200776, -0.51435124384987, -0.8017843119621765], [-0.2192778593869046, 0.9240042776254113, 0.31326237455627937, 0.18334398285291542], [0.0, 0.0, 0.0, 1.0]]}, {"file_path": "train_images/04005_image", "transform_matrix": [[0.4661722023639912, 0.38127941867566517, -0.7983166556182157, -1.5159819953626006], [-0.8570885007546204, -0.029018956292200776, -0.51435124384987, -0.8017843119621765], [-0.2192778593869046, 0.9240042776254113, 0.31326237455627937, 0.18334398285291542], [0.0, 0.0, 0.0, 1.0]]}, {"file_path": "train_images/04005_image", "transform_matrix": [[0.4661722023639912, 0.38127941867566517, -0.7983166556182157, -1.5159819953626006], [-0.8570885007546204, -0.029018956292200776, -0.51435124384987, -0.8017843119621765], [-0.2192778593869046, 0.9240042776254113, 0.31326237455627937, 0.18334398285291542], [0.0, 0.0, 0.0, 1.0]]}, {"file_path": "train_images/04005_image", "transform_matrix": [[0.4661722023639912, 0.38127941867566517, -0.7983166556182157, -1.5159819953626006], [-0.8570885007546204, -0.029018956292200776, -0.51435124384987, -0.8017843119621765], [-0.2192778593869046, 0.9240042776254113, 0.31326237455627937, 0.18334398285291542], [0.0, 0.0, 0.0, 1.0]]}, {"file_path": "train_images/04005_image", "transform_matrix": [[0.4661722023639912, 0.38127941867566517, -0.7983166556182157, -1.5159819953626006], [-0.8570885007546204, -0.029018956292200776, -0.51435124384987, -0.8017843119621765], [-0.2192778593869046, 0.9240042776254113, 0.31326237455627937, 0.18334398285291542], [0.0, 0.0, 0.0, 1.0]]}, {"file_path": "train_images/04005_image", "transform_matrix": [[0.4661722023639912, 0.38127941867566517, -0.7983166556182157, -1.5159819953626006], [-0.8570885007546204, -0.029018956292200776, -0.51435124384987, -0.8017843119621765], [-0.2192778593869046, 0.9240042776254113, 0.31326237455627937, 0.18334398285291542], [0.0, 0.0, 0.0, 1.0]]}, {"file_path": "train_images/04005_image", "transform_matrix": [[0.4661722023639912, 0.38127941867566517, -0.7983166556182157, -1.5159819953626006], [-0.8570885007546204, -0.029018956292200776, -0.51435124384987, -0.8017843119621765], [-0.2192778593869046, 0.9240042776254113, 0.31326237455627937, 0.18334398285291542], [0.0, 0.0, 0.0, 1.0]]}, {"file_path": "train_images/04101_image", "transform_matrix": [[-0.9733506521482257, -0.2292635492088503, 0.005170393291127923, 0.15446232982495361], [0.07584976596166851, -0.30058309174945713, 0.9507347779259459, 1.716983430638235], [-0.21641469674258257, 0.9257904892352797, 0.3099623349300968, 0.1761098102771652], [0.0, 0.0, 0.0, 1.0]]}, {"file_path": "train_images/04101_image", "transform_matrix": [[-0.9733506521482257, -0.2292635492088503, 0.005170393291127923, 0.15446232982495361], [0.07584976596166851, -0.30058309174945713, 0.9507347779259459, 1.716983430638235], [-0.21641469674258257, 0.9257904892352797, 0.3099623349300968, 0.1761098102771652], [0.0, 0.0, 0.0, 1.0]]}, {"file_path": "train_images/04101_image", "transform_matrix": [[-0.9733506521482257, -0.2292635492088503, 0.005170393291127923, 0.15446232982495361], [0.07584976596166851, -0.30058309174945713, 0.9507347779259459, 1.716983430638235], [-0.21641469674258257, 0.9257904892352797, 0.3099623349300968, 0.1761098102771652], [0.0, 0.0, 0.0, 1.0]]}]}