{"camera_angle_x": 0.8836704333486497, "camera_angle_y": 0.6819013496909203, "fl_x": 1522.1201085541113, "fl_y": 1521.954743529035, "k1": 0.0652210706564525, "k2": 0.23102137964696204, "p1": -0.0018667704274258755, "p2": -0.00035823757611365637, "cx": 727.9348613007779, "cy": 541.5426465751151, "w": 1440, "h": 1080, "aabb_scale": 1, "frames": [{"file_path": "train_images/04085_image", "transform_matrix": [[-0.9752352222024238, -0.22060607694961154, -0.015786709241998355, 0.11416349640540745], [0.05485790299317256, -0.31042287624500864, 0.9490143562575688, 1.709019626800782], [-0.21425888979218807, 0.9246462008339612, 0.31483730946052263, 0.20443088399565768], [0.0, 0.0, 0.0, 1.0]]}, {"file_path": "train_images/04038_image", "transform_matrix": [[0.46941644981108294, -0.18721160049552915, 0.8629020878910084, 1.490700229450965], [0.8568005813322095, 0.33276796989074303, -0.3939013100302936, -0.8304953457816179], [-0.21340328131391745, 0.9242387650681484, 0.31660976717365663, 0.20817731661284825], [0.0, 0.0, 0.0, 1.0]]}, {"file_path": "train_images/03991_image", "transform_matrix": [[0.5478016456466195, 0.37938484981816445, -0.7456409945512011, -1.4248139603129002], [-0.8090319390787933, 0.013283402420002616, -0.5876145614010565, -0.9376891739953114], [-0.2130274127366318, 0.9251436034198135, 0.3142111304109701, 0.2027365967102708], [0.0, 0.0, 0.0, 1.0]]}]}