{"camera_angle_x": 0.8836704333486497, "camera_angle_y": 0.6819013496909203, "fl_x": 1522.1201085541113, "fl_y": 1521.954743529035, "k1": 0.0652210706564525, "k2": 0.23102137964696204, "p1": -0.0018667704274258755, "p2": -0.00035823757611365637, "cx": 727.9348613007779, "cy": 541.5426465751151, "w": 1440, "h": 1080, "aabb_scale": 1, "frames": [{"file_path": "train_images/04114_image", "transform_matrix": [[-0.9766488236423152, -0.1847245989914, -0.10969912399626736, -0.05283642152089228], [-0.0364587682789336, -0.3606938810955311, 0.931971395674688, 1.7242851112914879], [-0.21172584512445572, 0.9142082621961527, 0.3455364233168851, 0.2297916534848142], [0.0, 0.0, 0.0, 1.0]]}, {"file_path": "train_images/04114_image", "transform_matrix": [[-0.9766488236423152, -0.1847245989914, -0.10969912399626736, -0.05283642152089228], [-0.0364587682789336, -0.3606938810955311, 0.931971395674688, 1.7242851112914879], [-0.21172584512445572, 0.9142082621961527, 0.3455364233168851, 0.2297916534848142], [0.0, 0.0, 0.0, 1.0]]}, {"file_path": "train_images/04114_image", "transform_matrix": [[-0.9766488236423152, -0.1847245989914, -0.10969912399626736, -0.05283642152089228], [-0.0364587682789336, -0.3606938810955311, 0.931971395674688, 1.7242851112914879], [-0.21172584512445572, 0.9142082621961527, 0.3455364233168851, 0.2297916534848142], [0.0, 0.0, 0.0, 1.0]]}, {"file_path": "train_images/04114_image", "transform_matrix": [[-0.9766488236423152, -0.1847245989914, -0.10969912399626736, -0.05283642152089228], [-0.0364587682789336, -0.3606938810955311, 0.931971395674688, 1.7242851112914879], [-0.21172584512445572, 0.9142082621961527, 0.3455364233168851, 0.2297916534848142], [0.0, 0.0, 0.0, 1.0]]}, {"file_path": "train_images/04114_image", "transform_matrix": [[-0.9766488236423152, -0.1847245989914, -0.10969912399626736, -0.05283642152089228], [-0.0364587682789336, -0.3606938810955311, 0.931971395674688, 1.7242851112914879], [-0.21172584512445572, 0.9142082621961527, 0.3455364233168851, 0.2297916534848142], [0.0, 0.0, 0.0, 1.0]]}, {"file_path": "train_images/03929_image", "transform_matrix": [[0.4751639377168746, -0.21400362500018666, 0.853476233283724, 1.5036619868343137], [0.8528666104820378, 0.350591812531033, -0.38691591555670735, -0.8377587900974598], [-0.21642037107969805, 0.9117498722089215, 0.3491051324583202, 0.2375193511538562], [0.0, 0.0, 0.0, 1.0]]}, {"file_path": "train_images/03929_image", "transform_matrix": [[0.4751639377168746, -0.21400362500018666, 0.853476233283724, 1.5036619868343137], [0.8528666104820378, 0.350591812531033, -0.38691591555670735, -0.8377587900974598], [-0.21642037107969805, 0.9117498722089215, 0.3491051324583202, 0.2375193511538562], [0.0, 0.0, 0.0, 1.0]]}, {"file_path": "train_images/03929_image", "transform_matrix": [[0.4751639377168746, -0.21400362500018666, 0.853476233283724, 1.5036619868343137], [0.8528666104820378, 0.350591812531033, -0.38691591555670735, -0.8377587900974598], [-0.21642037107969805, 0.9117498722089215, 0.3491051324583202, 0.2375193511538562], [0.0, 0.0, 0.0, 1.0]]}, {"file_path": "train_images/03929_image", "transform_matrix": [[0.4751639377168746, -0.21400362500018666, 0.853476233283724, 1.5036619868343137], [0.8528666104820378, 0.350591812531033, -0.38691591555670735, -0.8377587900974598], [-0.21642037107969805, 0.9117498722089215, 0.3491051324583202, 0.2375193511538562], [0.0, 0.0, 0.0, 1.0]]}, {"file_path": "train_images/03929_image", "transform_matrix": [[0.4751639377168746, -0.21400362500018666, 0.853476233283724, 1.5036619868343137], [0.8528666104820378, 0.350591812531033, -0.38691591555670735, -0.8377587900974598], [-0.21642037107969805, 0.9117498722089215, 0.3491051324583202, 0.2375193511538562], [0.0, 0.0, 0.0, 1.0]]}, {"file_path": "train_images/03929_image", "transform_matrix": [[0.4751639377168746, -0.21400362500018666, 0.853476233283724, 1.5036619868343137], [0.8528666104820378, 0.350591812531033, -0.38691591555670735, -0.8377587900974598], [-0.21642037107969805, 0.9117498722089215, 0.3491051324583202, 0.2375193511538562], [0.0, 0.0, 0.0, 1.0]]}, {"file_path": "train_images/03929_image", "transform_matrix": [[0.4751639377168746, -0.21400362500018666, 0.853476233283724, 1.5036619868343137], [0.8528666104820378, 0.350591812531033, -0.38691591555670735, -0.8377587900974598], [-0.21642037107969805, 0.9117498722089215, 0.3491051324583202, 0.2375193511538562], [0.0, 0.0, 0.0, 1.0]]}, {"file_path": "train_images/03929_image", "transform_matrix": [[0.4751639377168746, -0.21400362500018666, 0.853476233283724, 1.5036619868343137], [0.8528666104820378, 0.350591812531033, -0.38691591555670735, -0.8377587900974598], [-0.21642037107969805, 0.9117498722089215, 0.3491051324583202, 0.2375193511538562], [0.0, 0.0, 0.0, 1.0]]}, {"file_path": "train_images/04163_image", "transform_matrix": [[0.47756597394807976, 0.4104471388983557, -0.7768293806861168, -1.5004460631402692], [-0.8519263262644748, 0.00013467219282481402, -0.5236616431255167, -0.8299871732749327], [-0.21483080585553235, 0.9118843830407198, 0.34973503802437095, 0.23678060045910831], [0.0, 0.0, 0.0, 1.0]]}, {"file_path": "train_images/04163_image", "transform_matrix": [[0.47756597394807976, 0.4104471388983557, -0.7768293806861168, -1.5004460631402692], [-0.8519263262644748, 0.00013467219282481402, -0.5236616431255167, -0.8299871732749327], [-0.21483080585553235, 0.9118843830407198, 0.34973503802437095, 0.23678060045910831], [0.0, 0.0, 0.0, 1.0]]}, {"file_path": "train_images/04163_image", "transform_matrix": [[0.47756597394807976, 0.4104471388983557, -0.7768293806861168, -1.5004460631402692], [-0.8519263262644748, 0.00013467219282481402, -0.5236616431255167, -0.8299871732749327], [-0.21483080585553235, 0.9118843830407198, 0.34973503802437095, 0.23678060045910831], [0.0, 0.0, 0.0, 1.0]]}, {"file_path": "train_images/04163_image", "transform_matrix": [[0.47756597394807976, 0.4104471388983557, -0.7768293806861168, -1.5004460631402692], [-0.8519263262644748, 0.00013467219282481402, -0.5236616431255167, -0.8299871732749327], [-0.21483080585553235, 0.9118843830407198, 0.34973503802437095, 0.23678060045910831], [0.0, 0.0, 0.0, 1.0]]}, {"file_path": "train_images/04163_image", "transform_matrix": [[0.47756597394807976, 0.4104471388983557, -0.7768293806861168, -1.5004460631402692], [-0.8519263262644748, 0.00013467219282481402, -0.5236616431255167, -0.8299871732749327], [-0.21483080585553235, 0.9118843830407198, 0.34973503802437095, 0.23678060045910831], [0.0, 0.0, 0.0, 1.0]]}, {"file_path": "train_images/04163_image", "transform_matrix": [[0.47756597394807976, 0.4104471388983557, -0.7768293806861168, -1.5004460631402692], [-0.8519263262644748, 0.00013467219282481402, -0.5236616431255167, -0.8299871732749327], [-0.21483080585553235, 0.9118843830407198, 0.34973503802437095, 0.23678060045910831], [0.0, 0.0, 0.0, 1.0]]}, {"file_path": "train_images/04163_image", "transform_matrix": [[0.47756597394807976, 0.4104471388983557, -0.7768293806861168, -1.5004460631402692], [-0.8519263262644748, 0.00013467219282481402, -0.5236616431255167, -0.8299871732749327], [-0.21483080585553235, 0.9118843830407198, 0.34973503802437095, 0.23678060045910831], [0.0, 0.0, 0.0, 1.0]]}, {"file_path": "train_images/04163_image", "transform_matrix": [[0.47756597394807976, 0.4104471388983557, -0.7768293806861168, -1.5004460631402692], [-0.8519263262644748, 0.00013467219282481402, -0.5236616431255167, -0.8299871732749327], [-0.21483080585553235, 0.9118843830407198, 0.34973503802437095, 0.23678060045910831], [0.0, 0.0, 0.0, 1.0]]}, {"file_path": "train_images/04114_image", "transform_matrix": [[-0.9766488236423152, -0.1847245989914, -0.10969912399626736, -0.05283642152089228], [-0.0364587682789336, -0.3606938810955311, 0.931971395674688, 1.7242851112914879], [-0.21172584512445572, 0.9142082621961527, 0.3455364233168851, 0.2297916534848142], [0.0, 0.0, 0.0, 1.0]]}, {"file_path": "train_images/04114_image", "transform_matrix": [[-0.9766488236423152, -0.1847245989914, -0.10969912399626736, -0.05283642152089228], [-0.0364587682789336, -0.3606938810955311, 0.931971395674688, 1.7242851112914879], [-0.21172584512445572, 0.9142082621961527, 0.3455364233168851, 0.2297916534848142], [0.0, 0.0, 0.0, 1.0]]}, {"file_path": "train_images/04114_image", "transform_matrix": [[-0.9766488236423152, -0.1847245989914, -0.10969912399626736, -0.05283642152089228], [-0.0364587682789336, -0.3606938810955311, 0.931971395674688, 1.7242851112914879], [-0.21172584512445572, 0.9142082621961527, 0.3455364233168851, 0.2297916534848142], [0.0, 0.0, 0.0, 1.0]]}, {"file_path": "train_images/04114_image", "transform_matrix": [[-0.9766488236423152, -0.1847245989914, -0.10969912399626736, -0.05283642152089228], [-0.0364587682789336, -0.3606938810955311, 0.931971395674688, 1.7242851112914879], [-0.21172584512445572, 0.9142082621961527, 0.3455364233168851, 0.2297916534848142], [0.0, 0.0, 0.0, 1.0]]}]}