{"camera_angle_x": 0.8836704333486497, "camera_angle_y": 0.6819013496909203, "fl_x": 1522.1201085541113, "fl_y": 1521.954743529035, "k1": 0.0652210706564525, "k2": 0.23102137964696204, "p1": -0.0018667704274258755, "p2": -0.00035823757611365637, "cx": 727.9348613007779, "cy": 541.5426465751151, "w": 1440, "h": 1080, "aabb_scale": 1, "frames": [{"file_path": "train_images/04082_image", "transform_matrix": [[-0.9783165618058796, -0.20463713613424983, -0.031942877313967465, 0.08304051803555264], [0.03586151516208581, -0.31926462372710757, 0.946986827662702, 1.7121589586633756], [-0.2039869030761587, 0.9253073773353161, 0.3196804667511559, 0.22204958751109102], [0.0, 0.0, 0.0, 1.0]]}, {"file_path": "train_images/04082_image", "transform_matrix": [[-0.9783165618058796, -0.20463713613424983, -0.031942877313967465, 0.08304051803555264], [0.03586151516208581, -0.31926462372710757, 0.946986827662702, 1.7121589586633756], [-0.2039869030761587, 0.9253073773353161, 0.3196804667511559, 0.22204958751109102], [0.0, 0.0, 0.0, 1.0]]}, {"file_path": "train_images/03643_image", "transform_matrix": [[0.4957815466224104, -0.2418605292433944, 0.8340888096736437, 1.4475768469918942], [0.8456864207367358, 0.35290018295680975, -0.40034477472615865, -0.8445315300201212], [-0.1975224944409603, 0.9038611316254037, 0.3794995638029976, 0.3313386027824214], [0.0, 0.0, 0.0, 1.0]]}, {"file_path": "train_images/03643_image", "transform_matrix": [[0.4957815466224104, -0.2418605292433944, 0.8340888096736437, 1.4475768469918942], [0.8456864207367358, 0.35290018295680975, -0.40034477472615865, -0.8445315300201212], [-0.1975224944409603, 0.9038611316254037, 0.3794995638029976, 0.3313386027824214], [0.0, 0.0, 0.0, 1.0]]}, {"file_path": "train_images/03643_image", "transform_matrix": [[0.4957815466224104, -0.2418605292433944, 0.8340888096736437, 1.4475768469918942], [0.8456864207367358, 0.35290018295680975, -0.40034477472615865, -0.8445315300201212], [-0.1975224944409603, 0.9038611316254037, 0.3794995638029976, 0.3313386027824214], [0.0, 0.0, 0.0, 1.0]]}, {"file_path": "train_images/03987_image", "transform_matrix": [[0.5112735329122057, 0.3828140005133787, -0.7694496835754855, -1.4591070478111978], [-0.8336446709988756, 0.003291563585281071, -0.5522913435174777, -0.8731982009061368], [-0.2088921661016712, 0.9238195747114839, 0.3208137408547908, 0.22283929169467795], [0.0, 0.0, 0.0, 1.0]]}, {"file_path": "train_images/03987_image", "transform_matrix": [[0.5112735329122057, 0.3828140005133787, -0.7694496835754855, -1.4591070478111978], [-0.8336446709988756, 0.003291563585281071, -0.5522913435174777, -0.8731982009061368], [-0.2088921661016712, 0.9238195747114839, 0.3208137408547908, 0.22283929169467795], [0.0, 0.0, 0.0, 1.0]]}, {"file_path": "train_images/03987_image", "transform_matrix": [[0.5112735329122057, 0.3828140005133787, -0.7694496835754855, -1.4591070478111978], [-0.8336446709988756, 0.003291563585281071, -0.5522913435174777, -0.8731982009061368], [-0.2088921661016712, 0.9238195747114839, 0.3208137408547908, 0.22283929169467795], [0.0, 0.0, 0.0, 1.0]]}, {"file_path": "train_images/03987_image", "transform_matrix": [[0.5112735329122057, 0.3828140005133787, -0.7694496835754855, -1.4591070478111978], [-0.8336446709988756, 0.003291563585281071, -0.5522913435174777, -0.8731982009061368], [-0.2088921661016712, 0.9238195747114839, 0.3208137408547908, 0.22283929169467795], [0.0, 0.0, 0.0, 1.0]]}, {"file_path": "train_images/04082_image", "transform_matrix": [[-0.9783165618058796, -0.20463713613424983, -0.031942877313967465, 0.08304051803555264], [0.03586151516208581, -0.31926462372710757, 0.946986827662702, 1.7121589586633756], [-0.2039869030761587, 0.9253073773353161, 0.3196804667511559, 0.22204958751109102], [0.0, 0.0, 0.0, 1.0]]}]}