{"camera_angle_x": 0.8836704333486497, "camera_angle_y": 0.6819013496909203, "fl_x": 1522.1201085541113, "fl_y": 1521.954743529035, "k1": 0.0652210706564525, "k2": 0.23102137964696204, "p1": -0.0018667704274258755, "p2": -0.00035823757611365637, "cx": 727.9348613007779, "cy": 541.5426465751151, "w": 1440, "h": 1080, "aabb_scale": 1, "frames": [{"file_path": "train_images/04018_image", "transform_matrix": [[-0.9753819388416939, -0.1821599392115391, -0.12428929932969526, -0.07700656153518642], [-0.05788055340155731, -0.33237991183248733, 0.9413678535769944, 1.7151216237095357], [-0.21279077733620808, 0.9253871356122672, 0.3136538447460448, 0.19039372883841318], [0.0, 0.0, 0.0, 1.0]]}, {"file_path": "train_images/03850_image", "transform_matrix": [[0.5261499215624998, -0.14972165927667322, 0.8371079289931586, 1.4350238791328458], [0.823836114856076, 0.3338207468220382, -0.4581023519367947, -0.9488686138769755], [-0.2108561497766225, 0.9306702604760809, 0.29898586984465014, 0.1618260829228793], [0.0, 0.0, 0.0, 1.0]]}, {"file_path": "train_images/04066_image", "transform_matrix": [[0.5603017311732391, 0.3723945565120277, -0.7398542182920104, -1.421367512136701], [-0.7981785250174089, 0.004101654838082086, -0.6024070207331773, -0.9669407054362902], [-0.22129846869173056, 0.9280654452719375, 0.2995355021477349, 0.1667927888758855], [0.0, 0.0, 0.0, 1.0]]}]}