{"camera_angle_x": 0.8836704333486497, "camera_angle_y": 0.6819013496909203, "fl_x": 1522.1201085541113, "fl_y": 1521.954743529035, "k1": 0.0652210706564525, "k2": 0.23102137964696204, "p1": -0.0018667704274258755, "p2": -0.00035823757611365637, "cx": 727.9348613007779, "cy": 541.5426465751151, "w": 1440, "h": 1080, "aabb_scale": 1, "frames": [{"file_path": "train_images/04099_image", "transform_matrix": [[-0.9759949409004063, -0.18248687791276566, -0.11887983313608669, -0.07244096726106344], [-0.053424890449919056, -0.3285596032358069, 0.9429710325359646, 1.7146782555710907], [-0.2111389504975967, 0.9266860992327339, 0.31092316908135503, 0.19977349247785756], [0.0, 0.0, 0.0, 1.0]]}, {"file_path": "train_images/04099_image", "transform_matrix": [[-0.9759949409004063, -0.18248687791276566, -0.11887983313608669, -0.07244096726106344], [-0.053424890449919056, -0.3285596032358069, 0.9429710325359646, 1.7146782555710907], [-0.2111389504975967, 0.9266860992327339, 0.31092316908135503, 0.19977349247785756], [0.0, 0.0, 0.0, 1.0]]}, {"file_path": "train_images/04099_image", "transform_matrix": [[-0.9759949409004063, -0.18248687791276566, -0.11887983313608669, -0.07244096726106344], [-0.053424890449919056, -0.3285596032358069, 0.9429710325359646, 1.7146782555710907], [-0.2111389504975967, 0.9266860992327339, 0.31092316908135503, 0.19977349247785756], [0.0, 0.0, 0.0, 1.0]]}, {"file_path": "train_images/04099_image", "transform_matrix": [[-0.9759949409004063, -0.18248687791276566, -0.11887983313608669, -0.07244096726106344], [-0.053424890449919056, -0.3285596032358069, 0.9429710325359646, 1.7146782555710907], [-0.2111389504975967, 0.9266860992327339, 0.31092316908135503, 0.19977349247785756], [0.0, 0.0, 0.0, 1.0]]}, {"file_path": "train_images/04051_image", "transform_matrix": [[0.4393344836516546, -0.19887593424082445, 0.8760328614009713, 1.5190326476853082], [0.8720034382200772, 0.3287413407034042, -0.36268324285096526, -0.7744536914820249], [-0.2158592486017172, 0.9232429223624559, 0.3178479056101116, 0.21379405048938413], [0.0, 0.0, 0.0, 1.0]]}, {"file_path": "train_images/04051_image", "transform_matrix": [[0.4393344836516546, -0.19887593424082445, 0.8760328614009713, 1.5190326476853082], [0.8720034382200772, 0.3287413407034042, -0.36268324285096526, -0.7744536914820249], [-0.2158592486017172, 0.9232429223624559, 0.3178479056101116, 0.21379405048938413], [0.0, 0.0, 0.0, 1.0]]}, {"file_path": "train_images/04051_image", "transform_matrix": [[0.4393344836516546, -0.19887593424082445, 0.8760328614009713, 1.5190326476853082], [0.8720034382200772, 0.3287413407034042, -0.36268324285096526, -0.7744536914820249], [-0.2158592486017172, 0.9232429223624559, 0.3178479056101116, 0.21379405048938413], [0.0, 0.0, 0.0, 1.0]]}, {"file_path": "train_images/04051_image", "transform_matrix": [[0.4393344836516546, -0.19887593424082445, 0.8760328614009713, 1.5190326476853082], [0.8720034382200772, 0.3287413407034042, -0.36268324285096526, -0.7744536914820249], [-0.2158592486017172, 0.9232429223624559, 0.3178479056101116, 0.21379405048938413], [0.0, 0.0, 0.0, 1.0]]}, {"file_path": "train_images/04051_image", "transform_matrix": [[0.4393344836516546, -0.19887593424082445, 0.8760328614009713, 1.5190326476853082], [0.8720034382200772, 0.3287413407034042, -0.36268324285096526, -0.7744536914820249], [-0.2158592486017172, 0.9232429223624559, 0.3178479056101116, 0.21379405048938413], [0.0, 0.0, 0.0, 1.0]]}, {"file_path": "train_images/04051_image", "transform_matrix": [[0.4393344836516546, -0.19887593424082445, 0.8760328614009713, 1.5190326476853082], [0.8720034382200772, 0.3287413407034042, -0.36268324285096526, -0.7744536914820249], [-0.2158592486017172, 0.9232429223624559, 0.3178479056101116, 0.21379405048938413], [0.0, 0.0, 0.0, 1.0]]}, {"file_path": "train_images/04051_image", "transform_matrix": [[0.4393344836516546, -0.19887593424082445, 0.8760328614009713, 1.5190326476853082], [0.8720034382200772, 0.3287413407034042, -0.36268324285096526, -0.7744536914820249], [-0.2158592486017172, 0.9232429223624559, 0.3178479056101116, 0.21379405048938413], [0.0, 0.0, 0.0, 1.0]]}, {"file_path": "train_images/04051_image", "transform_matrix": [[0.4393344836516546, -0.19887593424082445, 0.8760328614009713, 1.5190326476853082], [0.8720034382200772, 0.3287413407034042, -0.36268324285096526, -0.7744536914820249], [-0.2158592486017172, 0.9232429223624559, 0.3178479056101116, 0.21379405048938413], [0.0, 0.0, 0.0, 1.0]]}, {"file_path": "train_images/04051_image", "transform_matrix": [[0.4393344836516546, -0.19887593424082445, 0.8760328614009713, 1.5190326476853082], [0.8720034382200772, 0.3287413407034042, -0.36268324285096526, -0.7744536914820249], [-0.2158592486017172, 0.9232429223624559, 0.3178479056101116, 0.21379405048938413], [0.0, 0.0, 0.0, 1.0]]}, {"file_path": "train_images/04148_image", "transform_matrix": [[0.5337828235947778, 0.3794316876408119, -0.7557165418655541, -1.4412897182833537], [-0.8204289601790946, 0.015858851353732245, -0.5715284928445736, -0.907255983860113], [-0.20487122427182386, 0.925083829308342, 0.3197619274047154, 0.2155498995899953], [0.0, 0.0, 0.0, 1.0]]}, {"file_path": "train_images/04148_image", "transform_matrix": [[0.5337828235947778, 0.3794316876408119, -0.7557165418655541, -1.4412897182833537], [-0.8204289601790946, 0.015858851353732245, -0.5715284928445736, -0.907255983860113], [-0.20487122427182386, 0.925083829308342, 0.3197619274047154, 0.2155498995899953], [0.0, 0.0, 0.0, 1.0]]}, {"file_path": "train_images/04148_image", "transform_matrix": [[0.5337828235947778, 0.3794316876408119, -0.7557165418655541, -1.4412897182833537], [-0.8204289601790946, 0.015858851353732245, -0.5715284928445736, -0.907255983860113], [-0.20487122427182386, 0.925083829308342, 0.3197619274047154, 0.2155498995899953], [0.0, 0.0, 0.0, 1.0]]}, {"file_path": "train_images/04148_image", "transform_matrix": [[0.5337828235947778, 0.3794316876408119, -0.7557165418655541, -1.4412897182833537], [-0.8204289601790946, 0.015858851353732245, -0.5715284928445736, -0.907255983860113], [-0.20487122427182386, 0.925083829308342, 0.3197619274047154, 0.2155498995899953], [0.0, 0.0, 0.0, 1.0]]}, {"file_path": "train_images/04148_image", "transform_matrix": [[0.5337828235947778, 0.3794316876408119, -0.7557165418655541, -1.4412897182833537], [-0.8204289601790946, 0.015858851353732245, -0.5715284928445736, -0.907255983860113], [-0.20487122427182386, 0.925083829308342, 0.3197619274047154, 0.2155498995899953], [0.0, 0.0, 0.0, 1.0]]}, {"file_path": "train_images/04148_image", "transform_matrix": [[0.5337828235947778, 0.3794316876408119, -0.7557165418655541, -1.4412897182833537], [-0.8204289601790946, 0.015858851353732245, -0.5715284928445736, -0.907255983860113], [-0.20487122427182386, 0.925083829308342, 0.3197619274047154, 0.2155498995899953], [0.0, 0.0, 0.0, 1.0]]}, {"file_path": "train_images/04148_image", "transform_matrix": [[0.5337828235947778, 0.3794316876408119, -0.7557165418655541, -1.4412897182833537], [-0.8204289601790946, 0.015858851353732245, -0.5715284928445736, -0.907255983860113], [-0.20487122427182386, 0.925083829308342, 0.3197619274047154, 0.2155498995899953], [0.0, 0.0, 0.0, 1.0]]}, {"file_path": "train_images/04148_image", "transform_matrix": [[0.5337828235947778, 0.3794316876408119, -0.7557165418655541, -1.4412897182833537], [-0.8204289601790946, 0.015858851353732245, -0.5715284928445736, -0.907255983860113], [-0.20487122427182386, 0.925083829308342, 0.3197619274047154, 0.2155498995899953], [0.0, 0.0, 0.0, 1.0]]}, {"file_path": "train_images/04099_image", "transform_matrix": [[-0.9759949409004063, -0.18248687791276566, -0.11887983313608669, -0.07244096726106344], [-0.053424890449919056, -0.3285596032358069, 0.9429710325359646, 1.7146782555710907], [-0.2111389504975967, 0.9266860992327339, 0.31092316908135503, 0.19977349247785756], [0.0, 0.0, 0.0, 1.0]]}, {"file_path": "train_images/04099_image", "transform_matrix": [[-0.9759949409004063, -0.18248687791276566, -0.11887983313608669, -0.07244096726106344], [-0.053424890449919056, -0.3285596032358069, 0.9429710325359646, 1.7146782555710907], [-0.2111389504975967, 0.9266860992327339, 0.31092316908135503, 0.19977349247785756], [0.0, 0.0, 0.0, 1.0]]}, {"file_path": "train_images/04099_image", "transform_matrix": [[-0.9759949409004063, -0.18248687791276566, -0.11887983313608669, -0.07244096726106344], [-0.053424890449919056, -0.3285596032358069, 0.9429710325359646, 1.7146782555710907], [-0.2111389504975967, 0.9266860992327339, 0.31092316908135503, 0.19977349247785756], [0.0, 0.0, 0.0, 1.0]]}, {"file_path": "train_images/04099_image", "transform_matrix": [[-0.9759949409004063, -0.18248687791276566, -0.11887983313608669, -0.07244096726106344], [-0.053424890449919056, -0.3285596032358069, 0.9429710325359646, 1.7146782555710907], [-0.2111389504975967, 0.9266860992327339, 0.31092316908135503, 0.19977349247785756], [0.0, 0.0, 0.0, 1.0]]}]}