{"camera_angle_x": 0.8836704333486497, "camera_angle_y": 0.6819013496909203, "fl_x": 1522.1201085541113, "fl_y": 1521.954743529035, "k1": 0.0652210706564525, "k2": 0.23102137964696204, "p1": -0.0018667704274258755, "p2": -0.00035823757611365637, "cx": 727.9348613007779, "cy": 541.5426465751151, "w": 1440, "h": 1080, "aabb_scale": 1, "frames": [{"file_path": "train_images/04021_image", "transform_matrix": [[-0.976522291632722, -0.20771800793838835, -0.05707401442411966, 0.044796092044827734], [0.010649787711017903, -0.3111756087876943, 0.9502927562163768, 1.7243098651915294], [-0.2151529594639294, 0.9273742338849594, 0.306082071281866, 0.1746398370544576], [0.0, 0.0, 0.0, 1.0]]}, {"file_path": "train_images/03847_image", "transform_matrix": [[0.49136087014698254, -0.17251224292669168, 0.8537001940545652, 1.4791685069099163], [0.8432852827838546, 0.3393421360673814, -0.41679352985546825, -0.8774854682112989], [-0.2177944607389143, 0.9247088410573508, 0.31221648281571646, 0.18958397058132], [0.0, 0.0, 0.0, 1.0]]}, {"file_path": "train_images/03922_image", "transform_matrix": [[0.4296891884102249, 0.3782679352155194, -0.8199271739314108, -1.5494647957399317], [-0.877230957530553, -0.040414090620642246, -0.4783644514691029, -0.7304721577184768], [-0.2140865444473132, 0.924813532809233, 0.3144628452130942, 0.1905057137874852], [0.0, 0.0, 0.0, 1.0]]}]}