{"camera_angle_x": 0.8836704333486497, "camera_angle_y": 0.6819013496909203, "fl_x": 1522.1201085541113, "fl_y": 1521.954743529035, "k1": 0.0652210706564525, "k2": 0.23102137964696204, "p1": -0.0018667704274258755, "p2": -0.00035823757611365637, "cx": 727.9348613007779, "cy": 541.5426465751151, "w": 1440, "h": 1080, "aabb_scale": 1, "frames": [{"file_path": "train_images/04050_image", "transform_matrix": [[-0.9803957247492351, -0.18602647150547355, -0.06494901687204518, 0.025082231087031615], [-0.003712245032186618, -0.3121287572804243, 0.9500325563449913, 1.7151298562466513], [-0.19700366019504045, 0.9316489632784449, 0.3053191233643182, 0.19452571612641148], [0.0, 0.0, 0.0, 1.0]]}, {"file_path": "train_images/04006_image", "transform_matrix": [[0.357554549983928, -0.20959264345791234, 0.9100690455092488, 1.5973766775028506], [0.90993911954922, 0.29747935992371527, -0.2889927838776722, -0.64715666264251], [-0.21015599563129536, 0.9314381107876686, 0.2970816441191173, 0.18360366407581125], [0.0, 0.0, 0.0, 1.0]]}, {"file_path": "train_images/04083_image", "transform_matrix": [[0.4105094020352866, 0.3775248572516179, -0.830034344468816, -1.5506432052256327], [-0.886640843712616, -0.04732633207364034, -0.46003068653410073, -0.6978561716968104], [-0.2129555002840077, 0.9247892735372751, 0.3153010536759859, 0.21527935982174812], [0.0, 0.0, 0.0, 1.0]]}]}