{"camera_angle_x": 0.8836704333486497, "camera_angle_y": 0.6819013496909203, "fl_x": 1522.1201085541113, "fl_y": 1521.954743529035, "k1": 0.0652210706564525, "k2": 0.23102137964696204, "p1": -0.0018667704274258755, "p2": -0.00035823757611365637, "cx": 727.9348613007779, "cy": 541.5426465751151, "w": 1440, "h": 1080, "aabb_scale": 1, "frames": [{"file_path": "train_images/04043_image", "transform_matrix": [[-0.9764287382913378, -0.19936771297203393, -0.08270087099352039, -0.006101170583205501], [-0.016080822654783486, -0.3148978620134187, 0.9489893274648158, 1.717501942848587], [-0.215240159314036, 0.9279503497082582, 0.30426932526100914, 0.18590933147062158], [0.0, 0.0, 0.0, 1.0]]}, {"file_path": "train_images/04043_image", "transform_matrix": [[-0.9764287382913378, -0.19936771297203393, -0.08270087099352039, -0.006101170583205501], [-0.016080822654783486, -0.3148978620134187, 0.9489893274648158, 1.717501942848587], [-0.215240159314036, 0.9279503497082582, 0.30426932526100914, 0.18590933147062158], [0.0, 0.0, 0.0, 1.0]]}, {"file_path": "train_images/03994_image", "transform_matrix": [[0.48693258862446664, -0.1736917755564022, 0.8559952226733163, 1.475255252301422], [0.8473514868362989, 0.33167265552759984, -0.41471521232236436, -0.8658045295723118], [-0.21187758704447612, 0.9272671765350775, 0.30868020900095927, 0.19415029166246045], [0.0, 0.0, 0.0, 1.0]]}, {"file_path": "train_images/03994_image", "transform_matrix": [[0.48693258862446664, -0.1736917755564022, 0.8559952226733163, 1.475255252301422], [0.8473514868362989, 0.33167265552759984, -0.41471521232236436, -0.8658045295723118], [-0.21187758704447612, 0.9272671765350775, 0.30868020900095927, 0.19415029166246045], [0.0, 0.0, 0.0, 1.0]]}, {"file_path": "train_images/03994_image", "transform_matrix": [[0.48693258862446664, -0.1736917755564022, 0.8559952226733163, 1.475255252301422], [0.8473514868362989, 0.33167265552759984, -0.41471521232236436, -0.8658045295723118], [-0.21187758704447612, 0.9272671765350775, 0.30868020900095927, 0.19415029166246045], [0.0, 0.0, 0.0, 1.0]]}, {"file_path": "train_images/04092_image", "transform_matrix": [[0.5271699709882515, 0.3745241934974016, -0.7627735248246146, -1.4496506382083516], [-0.8224253485561367, -0.0009684952270482827, -0.5688722247300462, -0.9000152853092405], [-0.2137951536882046, 0.9272166362302372, 0.30750762877906124, 0.19015969849640713], [0.0, 0.0, 0.0, 1.0]]}, {"file_path": "train_images/04092_image", "transform_matrix": [[0.5271699709882515, 0.3745241934974016, -0.7627735248246146, -1.4496506382083516], [-0.8224253485561367, -0.0009684952270482827, -0.5688722247300462, -0.9000152853092405], [-0.2137951536882046, 0.9272166362302372, 0.30750762877906124, 0.19015969849640713], [0.0, 0.0, 0.0, 1.0]]}, {"file_path": "train_images/04092_image", "transform_matrix": [[0.5271699709882515, 0.3745241934974016, -0.7627735248246146, -1.4496506382083516], [-0.8224253485561367, -0.0009684952270482827, -0.5688722247300462, -0.9000152853092405], [-0.2137951536882046, 0.9272166362302372, 0.30750762877906124, 0.19015969849640713], [0.0, 0.0, 0.0, 1.0]]}, {"file_path": "train_images/04092_image", "transform_matrix": [[0.5271699709882515, 0.3745241934974016, -0.7627735248246146, -1.4496506382083516], [-0.8224253485561367, -0.0009684952270482827, -0.5688722247300462, -0.9000152853092405], [-0.2137951536882046, 0.9272166362302372, 0.30750762877906124, 0.19015969849640713], [0.0, 0.0, 0.0, 1.0]]}, {"file_path": "train_images/04043_image", "transform_matrix": [[-0.9764287382913378, -0.19936771297203393, -0.08270087099352039, -0.006101170583205501], [-0.016080822654783486, -0.3148978620134187, 0.9489893274648158, 1.717501942848587], [-0.215240159314036, 0.9279503497082582, 0.30426932526100914, 0.18590933147062158], [0.0, 0.0, 0.0, 1.0]]}]}