"{'file_path': 'train_images/04044_image', 'transform_matrix': [[-0.9734499986332236, -0.1801570394467863, -0.14120389972924255, -0.10917247168780275], [-0.07434694118593459, -0.33458524978976134, 0.939428146778357, 1.7151967146053924], [-0.21648933575876683, 0.924984406225798, 0.3123078861345576, 0.18565291348998425], [0.0, 0.0, 0.0, 1.0]]}\n{'file_path': 'train_images/03898_image', 'transform_matrix': [[-0.7998904789233221, -0.35247567640113553, 0.4857325594124614, 1.0012713128572637], [0.5596692865117073, -0.14590396371101816, 0.8157709991835271, 1.401787156212253], [-0.21666912900386823, 0.9243770501905464, 0.3139770017337723, 0.19143849442180394], [0.0, 0.0, 0.0, 1.0]]}\n{'file_path': 'train_images/03898_image', 'transform_matrix': [[-0.7998904789233221, -0.35247567640113553, 0.4857325594124614, 1.0012713128572637], [0.5596692865117073, -0.14590396371101816, 0.8157709991835271, 1.401787156212253], [-0.21666912900386823, 0.9243770501905464, 0.3139770017337723, 0.19143849442180394], [0.0, 0.0, 0.0, 1.0]]}\n{'file_path': 'train_images/03898_image', 'transform_matrix': [[-0.7998904789233221, -0.35247567640113553, 0.4857325594124614, 1.0012713128572637], [0.5596692865117073, -0.14590396371101816, 0.8157709991835271, 1.401787156212253], [-0.21666912900386823, 0.9243770501905464, 0.3139770017337723, 0.19143849442180394], [0.0, 0.0, 0.0, 1.0]]}\n{'file_path': 'train_images/03898_image', 'transform_matrix': [[-0.7998904789233221, -0.35247567640113553, 0.4857325594124614, 1.0012713128572637], [0.5596692865117073, -0.14590396371101816, 0.8157709991835271, 1.401787156212253], [-0.21666912900386823, 0.9243770501905464, 0.3139770017337723, 0.19143849442180394], [0.0, 0.0, 0.0, 1.0]]}\n{'file_path': 'train_images/03898_image', 'transform_matrix': [[-0.7998904789233221, -0.35247567640113553, 0.4857325594124614, 1.0012713128572637], [0.5596692865117073, -0.14590396371101816, 0.8157709991835271, 1.401787156212253], [-0.21666912900386823, 0.9243770501905464, 0.3139770017337723, 0.19143849442180394], [0.0, 0.0, 0.0, 1.0]]}\n{'file_path': 'train_images/03898_image', 'transform_matrix': [[-0.7998904789233221, -0.35247567640113553, 0.4857325594124614, 1.0012713128572637], [0.5596692865117073, -0.14590396371101816, 0.8157709991835271, 1.401787156212253], [-0.21666912900386823, 0.9243770501905464, 0.3139770017337723, 0.19143849442180394], [0.0, 0.0, 0.0, 1.0]]}\n{'file_path': 'train_images/03898_image', 'transform_matrix': [[-0.7998904789233221, -0.35247567640113553, 0.4857325594124614, 1.0012713128572637], [0.5596692865117073, -0.14590396371101816, 0.8157709991835271, 1.401787156212253], [-0.21666912900386823, 0.9243770501905464, 0.3139770017337723, 0.19143849442180394], [0.0, 0.0, 0.0, 1.0]]}\n{'file_path': 'train_images/03898_image', 'transform_matrix': [[-0.7998904789233221, -0.35247567640113553, 0.4857325594124614, 1.0012713128572637], [0.5596692865117073, -0.14590396371101816, 0.8157709991835271, 1.401787156212253], [-0.21666912900386823, 0.9243770501905464, 0.3139770017337723, 0.19143849442180394], [0.0, 0.0, 0.0, 1.0]]}\n{'file_path': 'train_images/04058_image', 'transform_matrix': [[-0.7746505724071144, 0.0340092362181815, -0.6314743561865247, -1.0302375209981518], [-0.5946395733279827, -0.37901103570175243, 0.7090517700764873, 1.381843895523779], [-0.21522144061790108, 0.9247670012863461, 0.3138243534689658, 0.19089948738895954], [0.0, 0.0, 0.0, 1.0]]}\n}"