{"camera_angle_x": 0.8836704333486497, "camera_angle_y": 0.6819013496909203, "fl_x": 1522.1201085541113, "fl_y": 1521.954743529035, "k1": 0.0652210706564525, "k2": 0.23102137964696204, "p1": -0.0018667704274258755, "p2": -0.00035823757611365637, "cx": 727.9348613007779, "cy": 541.5426465751151, "w": 1440, "h": 1080, "aabb_scale": 1, "frames": [{"file_path": "train_images/03941_image", "transform_matrix": [[-0.972994294656272, -0.2307124023958822, 0.0073409772553915675, 0.15830045435334889], [0.07382622755220235, -0.28090372804732094, 0.9568922529180216, 1.7241967883683065], [-0.21870480262617487, 0.9315926593473337, 0.29035035105611395, 0.14085036596514652], [0.0, 0.0, 0.0, 1.0]]}, {"file_path": "train_images/04019_image", "transform_matrix": [[0.43888689716559115, -0.17207086333161148, 0.8819126427762977, 1.535161757347976], [0.8702545232429515, 0.3257366344956113, -0.36953039079709754, -0.7926302703970847], [-0.22368584280535717, 0.9296705131065448, 0.29270698793959576, 0.14621649754618923], [0.0, 0.0, 0.0, 1.0]]}, {"file_path": "train_images/04095_image", "transform_matrix": [[0.5442996286665697, 0.36912535161195653, -0.7533155972305259, -1.4393587912798433], [-0.8085291418950713, -0.008571732058066273, -0.5883937050274625, -0.9365620044328449], [-0.22364825270914612, 0.9293400885611651, 0.29378301321429684, 0.1451419852540095], [0.0, 0.0, 0.0, 1.0]]}]}