{"camera_angle_x": 0.8836704333486497, "camera_angle_y": 0.6819013496909203, "fl_x": 1522.1201085541113, "fl_y": 1521.954743529035, "k1": 0.0652210706564525, "k2": 0.23102137964696204, "p1": -0.0018667704274258755, "p2": -0.00035823757611365637, "cx": 727.9348613007779, "cy": 541.5426465751151, "w": 1440, "h": 1080, "aabb_scale": 1, "frames": [{"file_path": "train_images/03993_image", "transform_matrix": [[-0.9764288493934706, -0.1937301813725093, -0.09515943935058613, -0.024501708831038208], [-0.03197274581648245, -0.3061922683663217, 0.9514326241608709, 1.7323592446737726], [-0.21345829943363137, 0.9320487710512048, 0.2927808784480999, 0.15028440781082328], [0.0, 0.0, 0.0, 1.0]]}, {"file_path": "train_images/03993_image", "transform_matrix": [[-0.9764288493934706, -0.1937301813725093, -0.09515943935058613, -0.024501708831038208], [-0.03197274581648245, -0.3061922683663217, 0.9514326241608709, 1.7323592446737726], [-0.21345829943363137, 0.9320487710512048, 0.2927808784480999, 0.15028440781082328], [0.0, 0.0, 0.0, 1.0]]}, {"file_path": "train_images/03845_image", "transform_matrix": [[0.3360259313267065, -0.2127537988698684, 0.9175087980735984, 1.6130024235843199], [0.9140030214120374, 0.30880010719662915, -0.2631367907477347, -0.6060348251357648], [-0.22734346334497135, 0.9270265987887241, 0.2982224585984827, 0.16176583724088187], [0.0, 0.0, 0.0, 1.0]]}, {"file_path": "train_images/03845_image", "transform_matrix": [[0.3360259313267065, -0.2127537988698684, 0.9175087980735984, 1.6130024235843199], [0.9140030214120374, 0.30880010719662915, -0.2631367907477347, -0.6060348251357648], [-0.22734346334497135, 0.9270265987887241, 0.2982224585984827, 0.16176583724088187], [0.0, 0.0, 0.0, 1.0]]}, {"file_path": "train_images/03845_image", "transform_matrix": [[0.3360259313267065, -0.2127537988698684, 0.9175087980735984, 1.6130024235843199], [0.9140030214120374, 0.30880010719662915, -0.2631367907477347, -0.6060348251357648], [-0.22734346334497135, 0.9270265987887241, 0.2982224585984827, 0.16176583724088187], [0.0, 0.0, 0.0, 1.0]]}, {"file_path": "train_images/04038_image", "transform_matrix": [[0.46446860805007756, 0.3727879792860642, -0.8033044470409935, -1.5233208295751028], [-0.8595558543781765, -0.028552928001344763, -0.5102435335276214, -0.7907358849369511], [-0.21314934984706474, 0.9274771440862373, 0.3071701513126082, 0.17794441152804097], [0.0, 0.0, 0.0, 1.0]]}, {"file_path": "train_images/04038_image", "transform_matrix": [[0.46446860805007756, 0.3727879792860642, -0.8033044470409935, -1.5233208295751028], [-0.8595558543781765, -0.028552928001344763, -0.5102435335276214, -0.7907358849369511], [-0.21314934984706474, 0.9274771440862373, 0.3071701513126082, 0.17794441152804097], [0.0, 0.0, 0.0, 1.0]]}, {"file_path": "train_images/04038_image", "transform_matrix": [[0.46446860805007756, 0.3727879792860642, -0.8033044470409935, -1.5233208295751028], [-0.8595558543781765, -0.028552928001344763, -0.5102435335276214, -0.7907358849369511], [-0.21314934984706474, 0.9274771440862373, 0.3071701513126082, 0.17794441152804097], [0.0, 0.0, 0.0, 1.0]]}, {"file_path": "train_images/04038_image", "transform_matrix": [[0.46446860805007756, 0.3727879792860642, -0.8033044470409935, -1.5233208295751028], [-0.8595558543781765, -0.028552928001344763, -0.5102435335276214, -0.7907358849369511], [-0.21314934984706474, 0.9274771440862373, 0.3071701513126082, 0.17794441152804097], [0.0, 0.0, 0.0, 1.0]]}, {"file_path": "train_images/03993_image", "transform_matrix": [[-0.9764288493934706, -0.1937301813725093, -0.09515943935058613, -0.024501708831038208], [-0.03197274581648245, -0.3061922683663217, 0.9514326241608709, 1.7323592446737726], [-0.21345829943363137, 0.9320487710512048, 0.2927808784480999, 0.15028440781082328], [0.0, 0.0, 0.0, 1.0]]}]}