{"camera_angle_x": 0.8836704333486497, "camera_angle_y": 0.6819013496909203, "fl_x": 1522.1201085541113, "fl_y": 1521.954743529035, "k1": 0.0652210706564525, "k2": 0.23102137964696204, "p1": -0.0018667704274258755, "p2": -0.00035823757611365637, "cx": 727.9348613007779, "cy": 541.5426465751151, "w": 1440, "h": 1080, "aabb_scale": 1, "frames": [{"file_path": "train_images/03914_image", "transform_matrix": [[-0.9732792614904854, -0.16010969016982501, -0.16459758888348908, -0.1523017672308586], [-0.10346504102144798, -0.3341404071034758, 0.9368271845047803, 1.7204097359232358], [-0.20499381561150942, 0.9288245665648849, 0.3086461729984488, 0.17999138611436954], [0.0, 0.0, 0.0, 1.0]]}, {"file_path": "train_images/03914_image", "transform_matrix": [[-0.9732792614904854, -0.16010969016982501, -0.16459758888348908, -0.1523017672308586], [-0.10346504102144798, -0.3341404071034758, 0.9368271845047803, 1.7204097359232358], [-0.20499381561150942, 0.9288245665648849, 0.3086461729984488, 0.17999138611436954], [0.0, 0.0, 0.0, 1.0]]}, {"file_path": "train_images/03875_image", "transform_matrix": [[0.41214772214591633, -0.18436015361617691, 0.8922699080931464, 1.551904895201982], [0.8867632383719422, 0.3060784598422277, -0.346362433720396, -0.754592827038131], [-0.20924916774515126, 0.933984641297291, 0.2896333468693343, 0.14170381538520835], [0.0, 0.0, 0.0, 1.0]]}, {"file_path": "train_images/03875_image", "transform_matrix": [[0.41214772214591633, -0.18436015361617691, 0.8922699080931464, 1.551904895201982], [0.8867632383719422, 0.3060784598422277, -0.346362433720396, -0.754592827038131], [-0.20924916774515126, 0.933984641297291, 0.2896333468693343, 0.14170381538520835], [0.0, 0.0, 0.0, 1.0]]}, {"file_path": "train_images/03875_image", "transform_matrix": [[0.41214772214591633, -0.18436015361617691, 0.8922699080931464, 1.551904895201982], [0.8867632383719422, 0.3060784598422277, -0.346362433720396, -0.754592827038131], [-0.20924916774515126, 0.933984641297291, 0.2896333468693343, 0.14170381538520835], [0.0, 0.0, 0.0, 1.0]]}, {"file_path": "train_images/03841_image", "transform_matrix": [[0.4397681755360797, 0.3779816631307109, -0.8146986032408609, -1.5374728499677457], [-0.8682401756559195, -0.05308078609005076, -0.49329649048522567, -0.7580985613796052], [-0.2297018701766398, 0.924290156003516, 0.3048356251364825, 0.1720419407255519], [0.0, 0.0, 0.0, 1.0]]}, {"file_path": "train_images/03841_image", "transform_matrix": [[0.4397681755360797, 0.3779816631307109, -0.8146986032408609, -1.5374728499677457], [-0.8682401756559195, -0.05308078609005076, -0.49329649048522567, -0.7580985613796052], [-0.2297018701766398, 0.924290156003516, 0.3048356251364825, 0.1720419407255519], [0.0, 0.0, 0.0, 1.0]]}, {"file_path": "train_images/03841_image", "transform_matrix": [[0.4397681755360797, 0.3779816631307109, -0.8146986032408609, -1.5374728499677457], [-0.8682401756559195, -0.05308078609005076, -0.49329649048522567, -0.7580985613796052], [-0.2297018701766398, 0.924290156003516, 0.3048356251364825, 0.1720419407255519], [0.0, 0.0, 0.0, 1.0]]}, {"file_path": "train_images/03841_image", "transform_matrix": [[0.4397681755360797, 0.3779816631307109, -0.8146986032408609, -1.5374728499677457], [-0.8682401756559195, -0.05308078609005076, -0.49329649048522567, -0.7580985613796052], [-0.2297018701766398, 0.924290156003516, 0.3048356251364825, 0.1720419407255519], [0.0, 0.0, 0.0, 1.0]]}, {"file_path": "train_images/03914_image", "transform_matrix": [[-0.9732792614904854, -0.16010969016982501, -0.16459758888348908, -0.1523017672308586], [-0.10346504102144798, -0.3341404071034758, 0.9368271845047803, 1.7204097359232358], [-0.20499381561150942, 0.9288245665648849, 0.3086461729984488, 0.17999138611436954], [0.0, 0.0, 0.0, 1.0]]}]}