{"camera_angle_x": 0.8836704333486497, "camera_angle_y": 0.6819013496909203, "fl_x": 1522.1201085541113, "fl_y": 1521.954743529035, "k1": 0.0652210706564525, "k2": 0.23102137964696204, "p1": -0.0018667704274258755, "p2": -0.00035823757611365637, "cx": 727.9348613007779, "cy": 541.5426465751151, "w": 1440, "h": 1080, "aabb_scale": 1, "frames": [{"file_path": "train_images/03920_image", "transform_matrix": [[-0.9761923171676846, -0.21048466754768932, -0.05239050133492977, 0.047836187297785326], [0.022731860089485596, -0.33948061200158663, 0.9403383309277041, 1.7311742561750996], [-0.21571236042391873, 0.9167601206435448, 0.3361830732770085, 0.2129341914727953], [0.0, 0.0, 0.0, 1.0]]}, {"file_path": "train_images/03879_image", "transform_matrix": [[0.5105094236994193, -0.18281297275729616, 0.8402139878065151, 1.4735894682501], [0.8321512226203365, 0.35114770910679494, -0.4292081419084789, -0.9061196605922557], [-0.2165744006238179, 0.9182998983886963, 0.33139225340032347, 0.20517735462235412], [0.0, 0.0, 0.0, 1.0]]}, {"file_path": "train_images/03962_image", "transform_matrix": [[0.48281792914305877, 0.39308666822365324, -0.7825405539413506, -1.5108051972050172], [-0.8487281596784433, -0.010108833656392896, -0.5287327514453312, -0.8436797177203308], [-0.21574836793554486, 0.9194458563433384, 0.32874299838356075, 0.20037287611799015], [0.0, 0.0, 0.0, 1.0]]}]}