{"camera_angle_x": 0.8836704333486497, "camera_angle_y": 0.6819013496909203, "fl_x": 1522.1201085541113, "fl_y": 1521.954743529035, "k1": 0.0652210706564525, "k2": 0.23102137964696204, "p1": -0.0018667704274258755, "p2": -0.00035823757611365637, "cx": 727.9348613007779, "cy": 541.5426465751151, "w": 1440, "h": 1080, "aabb_scale": 1, "frames": [{"file_path": "train_images/03899_image", "transform_matrix": [[-0.974268315049891, -0.18967301013441137, -0.12175959722501434, -0.07486086740454787], [-0.056146604650887055, -0.3189480184413445, 0.9461076684598412, 1.7277959036604198], [-0.21828607164916233, 0.9285991119739946, 0.3000914530023898, 0.15589551671517793], [0.0, 0.0, 0.0, 1.0]]}, {"file_path": "train_images/03899_image", "transform_matrix": [[-0.974268315049891, -0.18967301013441137, -0.12175959722501434, -0.07486086740454787], [-0.056146604650887055, -0.3189480184413445, 0.9461076684598412, 1.7277959036604198], [-0.21828607164916233, 0.9285991119739946, 0.3000914530023898, 0.15589551671517793], [0.0, 0.0, 0.0, 1.0]]}, {"file_path": "train_images/03899_image", "transform_matrix": [[-0.974268315049891, -0.18967301013441137, -0.12175959722501434, -0.07486086740454787], [-0.056146604650887055, -0.3189480184413445, 0.9461076684598412, 1.7277959036604198], [-0.21828607164916233, 0.9285991119739946, 0.3000914530023898, 0.15589551671517793], [0.0, 0.0, 0.0, 1.0]]}, {"file_path": "train_images/03899_image", "transform_matrix": [[-0.974268315049891, -0.18967301013441137, -0.12175959722501434, -0.07486086740454787], [-0.056146604650887055, -0.3189480184413445, 0.9461076684598412, 1.7277959036604198], [-0.21828607164916233, 0.9285991119739946, 0.3000914530023898, 0.15589551671517793], [0.0, 0.0, 0.0, 1.0]]}, {"file_path": "train_images/03858_image", "transform_matrix": [[0.44183364703726247, -0.1795612751530343, 0.8789429883736305, 1.5344530853628449], [0.8692153438963739, 0.32805581549404317, -0.3699244082993802, -0.7957898875267609], [-0.22191826035921422, 0.9274357823515085, 0.30102351292413254, 0.16312983969680006], [0.0, 0.0, 0.0, 1.0]]}, {"file_path": "train_images/03858_image", "transform_matrix": [[0.44183364703726247, -0.1795612751530343, 0.8789429883736305, 1.5344530853628449], [0.8692153438963739, 0.32805581549404317, -0.3699244082993802, -0.7957898875267609], [-0.22191826035921422, 0.9274357823515085, 0.30102351292413254, 0.16312983969680006], [0.0, 0.0, 0.0, 1.0]]}, {"file_path": "train_images/03858_image", "transform_matrix": [[0.44183364703726247, -0.1795612751530343, 0.8789429883736305, 1.5344530853628449], [0.8692153438963739, 0.32805581549404317, -0.3699244082993802, -0.7957898875267609], [-0.22191826035921422, 0.9274357823515085, 0.30102351292413254, 0.16312983969680006], [0.0, 0.0, 0.0, 1.0]]}, {"file_path": "train_images/03858_image", "transform_matrix": [[0.44183364703726247, -0.1795612751530343, 0.8789429883736305, 1.5344530853628449], [0.8692153438963739, 0.32805581549404317, -0.3699244082993802, -0.7957898875267609], [-0.22191826035921422, 0.9274357823515085, 0.30102351292413254, 0.16312983969680006], [0.0, 0.0, 0.0, 1.0]]}, {"file_path": "train_images/03858_image", "transform_matrix": [[0.44183364703726247, -0.1795612751530343, 0.8789429883736305, 1.5344530853628449], [0.8692153438963739, 0.32805581549404317, -0.3699244082993802, -0.7957898875267609], [-0.22191826035921422, 0.9274357823515085, 0.30102351292413254, 0.16312983969680006], [0.0, 0.0, 0.0, 1.0]]}, {"file_path": "train_images/03858_image", "transform_matrix": [[0.44183364703726247, -0.1795612751530343, 0.8789429883736305, 1.5344530853628449], [0.8692153438963739, 0.32805581549404317, -0.3699244082993802, -0.7957898875267609], [-0.22191826035921422, 0.9274357823515085, 0.30102351292413254, 0.16312983969680006], [0.0, 0.0, 0.0, 1.0]]}, {"file_path": "train_images/03858_image", "transform_matrix": [[0.44183364703726247, -0.1795612751530343, 0.8789429883736305, 1.5344530853628449], [0.8692153438963739, 0.32805581549404317, -0.3699244082993802, -0.7957898875267609], [-0.22191826035921422, 0.9274357823515085, 0.30102351292413254, 0.16312983969680006], [0.0, 0.0, 0.0, 1.0]]}, {"file_path": "train_images/03858_image", "transform_matrix": [[0.44183364703726247, -0.1795612751530343, 0.8789429883736305, 1.5344530853628449], [0.8692153438963739, 0.32805581549404317, -0.3699244082993802, -0.7957898875267609], [-0.22191826035921422, 0.9274357823515085, 0.30102351292413254, 0.16312983969680006], [0.0, 0.0, 0.0, 1.0]]}, {"file_path": "train_images/03858_image", "transform_matrix": [[0.44183364703726247, -0.1795612751530343, 0.8789429883736305, 1.5344530853628449], [0.8692153438963739, 0.32805581549404317, -0.3699244082993802, -0.7957898875267609], [-0.22191826035921422, 0.9274357823515085, 0.30102351292413254, 0.16312983969680006], [0.0, 0.0, 0.0, 1.0]]}, {"file_path": "train_images/04072_image", "transform_matrix": [[0.4970739042027638, 0.3753738444588174, -0.7823119650477226, -1.4920141265102516], [-0.8393716978563742, -0.020510773623865136, -0.5431707475583143, -0.8561355612805878], [-0.21993791532686918, 0.9266465264930087, 0.3048828108308384, 0.16627783326113754], [0.0, 0.0, 0.0, 1.0]]}, {"file_path": "train_images/04072_image", "transform_matrix": [[0.4970739042027638, 0.3753738444588174, -0.7823119650477226, -1.4920141265102516], [-0.8393716978563742, -0.020510773623865136, -0.5431707475583143, -0.8561355612805878], [-0.21993791532686918, 0.9266465264930087, 0.3048828108308384, 0.16627783326113754], [0.0, 0.0, 0.0, 1.0]]}, {"file_path": "train_images/04072_image", "transform_matrix": [[0.4970739042027638, 0.3753738444588174, -0.7823119650477226, -1.4920141265102516], [-0.8393716978563742, -0.020510773623865136, -0.5431707475583143, -0.8561355612805878], [-0.21993791532686918, 0.9266465264930087, 0.3048828108308384, 0.16627783326113754], [0.0, 0.0, 0.0, 1.0]]}, {"file_path": "train_images/04072_image", "transform_matrix": [[0.4970739042027638, 0.3753738444588174, -0.7823119650477226, -1.4920141265102516], [-0.8393716978563742, -0.020510773623865136, -0.5431707475583143, -0.8561355612805878], [-0.21993791532686918, 0.9266465264930087, 0.3048828108308384, 0.16627783326113754], [0.0, 0.0, 0.0, 1.0]]}, {"file_path": "train_images/04072_image", "transform_matrix": [[0.4970739042027638, 0.3753738444588174, -0.7823119650477226, -1.4920141265102516], [-0.8393716978563742, -0.020510773623865136, -0.5431707475583143, -0.8561355612805878], [-0.21993791532686918, 0.9266465264930087, 0.3048828108308384, 0.16627783326113754], [0.0, 0.0, 0.0, 1.0]]}, {"file_path": "train_images/04072_image", "transform_matrix": [[0.4970739042027638, 0.3753738444588174, -0.7823119650477226, -1.4920141265102516], [-0.8393716978563742, -0.020510773623865136, -0.5431707475583143, -0.8561355612805878], [-0.21993791532686918, 0.9266465264930087, 0.3048828108308384, 0.16627783326113754], [0.0, 0.0, 0.0, 1.0]]}, {"file_path": "train_images/04072_image", "transform_matrix": [[0.4970739042027638, 0.3753738444588174, -0.7823119650477226, -1.4920141265102516], [-0.8393716978563742, -0.020510773623865136, -0.5431707475583143, -0.8561355612805878], [-0.21993791532686918, 0.9266465264930087, 0.3048828108308384, 0.16627783326113754], [0.0, 0.0, 0.0, 1.0]]}, {"file_path": "train_images/04072_image", "transform_matrix": [[0.4970739042027638, 0.3753738444588174, -0.7823119650477226, -1.4920141265102516], [-0.8393716978563742, -0.020510773623865136, -0.5431707475583143, -0.8561355612805878], [-0.21993791532686918, 0.9266465264930087, 0.3048828108308384, 0.16627783326113754], [0.0, 0.0, 0.0, 1.0]]}, {"file_path": "train_images/03899_image", "transform_matrix": [[-0.974268315049891, -0.18967301013441137, -0.12175959722501434, -0.07486086740454787], [-0.056146604650887055, -0.3189480184413445, 0.9461076684598412, 1.7277959036604198], [-0.21828607164916233, 0.9285991119739946, 0.3000914530023898, 0.15589551671517793], [0.0, 0.0, 0.0, 1.0]]}, {"file_path": "train_images/03899_image", "transform_matrix": [[-0.974268315049891, -0.18967301013441137, -0.12175959722501434, -0.07486086740454787], [-0.056146604650887055, -0.3189480184413445, 0.9461076684598412, 1.7277959036604198], [-0.21828607164916233, 0.9285991119739946, 0.3000914530023898, 0.15589551671517793], [0.0, 0.0, 0.0, 1.0]]}, {"file_path": "train_images/03899_image", "transform_matrix": [[-0.974268315049891, -0.18967301013441137, -0.12175959722501434, -0.07486086740454787], [-0.056146604650887055, -0.3189480184413445, 0.9461076684598412, 1.7277959036604198], [-0.21828607164916233, 0.9285991119739946, 0.3000914530023898, 0.15589551671517793], [0.0, 0.0, 0.0, 1.0]]}, {"file_path": "train_images/03899_image", "transform_matrix": [[-0.974268315049891, -0.18967301013441137, -0.12175959722501434, -0.07486086740454787], [-0.056146604650887055, -0.3189480184413445, 0.9461076684598412, 1.7277959036604198], [-0.21828607164916233, 0.9285991119739946, 0.3000914530023898, 0.15589551671517793], [0.0, 0.0, 0.0, 1.0]]}]}