{"camera_angle_x": 0.8836704333486497, "camera_angle_y": 0.6819013496909203, "fl_x": 1522.1201085541113, "fl_y": 1521.954743529035, "k1": 0.0652210706564525, "k2": 0.23102137964696204, "p1": -0.0018667704274258755, "p2": -0.00035823757611365637, "cx": 727.9348613007779, "cy": 541.5426465751151, "w": 1440, "h": 1080, "aabb_scale": 1, "frames": [{"file_path": "train_images/03879_image", "transform_matrix": [[-0.02087643550944511, -0.3271148209974878, 0.944753972378101, 1.712339670270815], [0.9765298862129181, 0.19594151728331305, 0.08942205062342548, 0.020998028338199276], [-0.21436780489011242, 0.9244473028185516, 0.31534683847804784, 0.1889843448496674], [0.0, 0.0, 0.0, 1.0]]}, {"file_path": "train_images/04010_image", "transform_matrix": [[-0.14620935205266397, -0.3501879666231982, 0.9251979320149013, 1.6978098685947687], [0.9653445752549294, 0.1538698313135806, 0.21079356260903703, 0.24260239180595033], [-0.21617741879812497, 0.923954794913604, 0.3155548455624474, 0.19131811502718574], [0.0, 0.0, 0.0, 1.0]]}, {"file_path": "train_images/03889_image", "transform_matrix": [[-0.5017742620947303, -0.38128680558819217, 0.7764296244886854, 1.4839084892897236], [0.8376424852453649, 0.009770158239478965, 0.5461314959970212, 0.8706793571781191], [-0.21581857383287842, 0.9244051686854243, 0.3144796134829962, 0.19100355741487746], [0.0, 0.0, 0.0, 1.0]]}, {"file_path": "train_images/03894_image", "transform_matrix": [[-0.6833950066150405, -0.3743491737035597, 0.6267646775952606, 1.239050671948019], [0.6970621097451685, -0.07944059794133812, 0.7125963840466336, 1.1924271765004657], [-0.21696930679532428, 0.9238787190677058, 0.3152339327587874, 0.19130840250445744], [0.0, 0.0, 0.0, 1.0]]}, {"file_path": "train_images/03898_image", "transform_matrix": [[-0.7998904789233221, -0.35247567640113553, 0.4857325594124614, 1.0012713128572637], [0.5596692865117073, -0.14590396371101816, 0.8157709991835271, 1.401787156212253], [-0.21666912900386823, 0.9243770501905464, 0.3139770017337723, 0.19143849442180394], [0.0, 0.0, 0.0, 1.0]]}, {"file_path": "train_images/04035_image", "transform_matrix": [[-0.909911740285186, -0.30890008615417575, 0.2768417628630608, 0.63791956308975], [0.3529462931452744, -0.2259298788024211, 0.9079562786937119, 1.5968104619307086], [-0.2179209467816125, 0.923870351639377, 0.3146013895639043, 0.19053777261673135], [0.0, 0.0, 0.0, 1.0]]}, {"file_path": "train_images/04041_image", "transform_matrix": [[-0.9740848529915446, -0.22617532549208563, -0.0018496786180240699, 0.14268078876274015], [0.06970827383016454, -0.30797708046652067, 0.9488365899705477, 1.7100616844379188], [-0.2151730831959696, 0.9241184123508563, 0.31576210067402477, 0.19030858889449193], [0.0, 0.0, 0.0, 1.0]]}, {"file_path": "train_images/03916_image", "transform_matrix": [[-0.9415657575118148, -0.1106862099735051, -0.3181233836153884, -0.435617535781727], [-0.2602100076151299, -0.36068905849235405, 0.8956529210697821, 1.669257144291301], [-0.21388005100554947, 0.9260950091678501, 0.310810807045481, 0.18588576087069292], [0.0, 0.0, 0.0, 1.0]]}, {"file_path": "train_images/03921_image", "transform_matrix": [[-0.8591461413637702, -0.0273716765486956, -0.5109977486277785, -0.7977935257515134], [-0.46426619434566957, -0.37830237664557154, 0.800839692205688, 1.5271737705739639], [-0.21523198778883595, 0.92527731148409, 0.3123092830596629, 0.18770209841649302], [0.0, 0.0, 0.0, 1.0]]}, {"file_path": "train_images/04058_image", "transform_matrix": [[-0.7746505724071144, 0.0340092362181815, -0.6314743561865247, -1.0302375209981518], [-0.5946395733279827, -0.37901103570175243, 0.7090517700764873, 1.381843895523779], [-0.21522144061790108, 0.9247670012863461, 0.3138243534689658, 0.19089948738895954], [0.0, 0.0, 0.0, 1.0]]}, {"file_path": "train_images/04062_image", "transform_matrix": [[-0.5818701166538258, 0.13548794237180764, -0.8019165697359775, -1.3632790298183783], [-0.7844594903816561, -0.3536749645516198, 0.5094480615328347, 1.043902345138949], [-0.21459374477233856, 0.9255036666168666, 0.3120776951070361, 0.18482155310453177], [0.0, 0.0, 0.0, 1.0]]}, {"file_path": "train_images/04068_image", "transform_matrix": [[-0.28907424045710023, 0.24677888141534987, -0.924952035076165, -1.6356727492330567], [-0.9329468699438197, -0.2892004999765768, 0.2144136392007921, 0.5335593983983252], [-0.21458383295621325, 0.924912565868086, 0.3138319998552303, 0.19129443658705586], [0.0, 0.0, 0.0, 1.0]]}, {"file_path": "train_images/03939_image", "transform_matrix": [[-0.10752467980477651, 0.29267446386059665, -0.9501474103720919, -1.699736937807004], [-0.9703967411259171, -0.2387781316664343, 0.03626525403311914, 0.2153926731474442], [-0.2162605096754375, 0.9259193604422575, 0.30968488809291417, 0.1804059004171836], [0.0, 0.0, 0.0, 1.0]]}, {"file_path": "train_images/03942_image", "transform_matrix": [[0.0908312507030682, 0.33834783355188935, -0.9366271549696066, -1.7069417158710891], [-0.9721735582425372, -0.1738078963399065, -0.15706491595496636, -0.13388262939077789], [-0.21593576950047133, 0.9248305567511486, 0.31314562866117107, 0.1873118537210247], [0.0, 0.0, 0.0, 1.0]]}, {"file_path": "train_images/03828_image", "transform_matrix": [[0.20982762618048523, 0.4086889539146237, -0.8882261571467219, -1.6467504739114072], [-0.9550976020007095, -0.10869078854478594, -0.2756354170603029, -0.35383206593063543], [-0.20919115168657834, 0.9061785979781708, 0.367531509699998, 0.28789839168670617], [0.0, 0.0, 0.0, 1.0]]}, {"file_path": "train_images/03828_image", "transform_matrix": [[0.20982762618048523, 0.4086889539146237, -0.8882261571467219, -1.6467504739114072], [-0.9550976020007095, -0.10869078854478594, -0.2756354170603029, -0.35383206593063543], [-0.20919115168657834, 0.9061785979781708, 0.367531509699998, 0.28789839168670617], [0.0, 0.0, 0.0, 1.0]]}, {"file_path": "train_images/03828_image", "transform_matrix": [[0.20982762618048523, 0.4086889539146237, -0.8882261571467219, -1.6467504739114072], [-0.9550976020007095, -0.10869078854478594, -0.2756354170603029, -0.35383206593063543], [-0.20919115168657834, 0.9061785979781708, 0.367531509699998, 0.28789839168670617], [0.0, 0.0, 0.0, 1.0]]}, {"file_path": "train_images/03828_image", "transform_matrix": [[0.20982762618048523, 0.4086889539146237, -0.8882261571467219, -1.6467504739114072], [-0.9550976020007095, -0.10869078854478594, -0.2756354170603029, -0.35383206593063543], [-0.20919115168657834, 0.9061785979781708, 0.367531509699998, 0.28789839168670617], [0.0, 0.0, 0.0, 1.0]]}, {"file_path": "train_images/03828_image", "transform_matrix": [[0.20982762618048523, 0.4086889539146237, -0.8882261571467219, -1.6467504739114072], [-0.9550976020007095, -0.10869078854478594, -0.2756354170603029, -0.35383206593063543], [-0.20919115168657834, 0.9061785979781708, 0.367531509699998, 0.28789839168670617], [0.0, 0.0, 0.0, 1.0]]}, {"file_path": "train_images/03745_image", "transform_matrix": [[0.21594328257123768, -0.32444882316984985, 0.9209242421915378, 1.641926434907356], [0.9541409167656684, 0.2703886867000139, -0.12847205555377317, -0.37038959959514384], [-0.2073248891617422, 0.9064341781113184, 0.36795851815894975, 0.287448313274378], [0.0, 0.0, 0.0, 1.0]]}, {"file_path": "train_images/03745_image", "transform_matrix": [[0.21594328257123768, -0.32444882316984985, 0.9209242421915378, 1.641926434907356], [0.9541409167656684, 0.2703886867000139, -0.12847205555377317, -0.37038959959514384], [-0.2073248891617422, 0.9064341781113184, 0.36795851815894975, 0.287448313274378], [0.0, 0.0, 0.0, 1.0]]}, {"file_path": "train_images/03745_image", "transform_matrix": [[0.21594328257123768, -0.32444882316984985, 0.9209242421915378, 1.641926434907356], [0.9541409167656684, 0.2703886867000139, -0.12847205555377317, -0.37038959959514384], [-0.2073248891617422, 0.9064341781113184, 0.36795851815894975, 0.287448313274378], [0.0, 0.0, 0.0, 1.0]]}, {"file_path": "train_images/03875_image", "transform_matrix": [[0.1834450392090662, -0.27767670433874847, 0.9429971184776522, 1.6792964089724856], [0.9593494666217666, 0.25985510153183267, -0.1101087058338845, -0.3367045398265584], [-0.21446798941127823, 0.9248626784963551, 0.3140581274898513, 0.18957317352273767], [0.0, 0.0, 0.0, 1.0]]}, {"file_path": "train_images/03875_image", "transform_matrix": [[0.1834450392090662, -0.27767670433874847, 0.9429971184776522, 1.6792964089724856], [0.9593494666217666, 0.25985510153183267, -0.1101087058338845, -0.3367045398265584], [-0.21446798941127823, 0.9248626784963551, 0.3140581274898513, 0.18957317352273767], [0.0, 0.0, 0.0, 1.0]]}, {"file_path": "train_images/03875_image", "transform_matrix": [[0.1834450392090662, -0.27767670433874847, 0.9429971184776522, 1.6792964089724856], [0.9593494666217666, 0.25985510153183267, -0.1101087058338845, -0.3367045398265584], [-0.21446798941127823, 0.9248626784963551, 0.3140581274898513, 0.18957317352273767], [0.0, 0.0, 0.0, 1.0]]}]}