{"camera_angle_x": 0.8836704333486497, "camera_angle_y": 0.6819013496909203, "fl_x": 1522.1201085541113, "fl_y": 1521.954743529035, "k1": 0.0652210706564525, "k2": 0.23102137964696204, "p1": -0.0018667704274258755, "p2": -0.00035823757611365637, "cx": 727.9348613007779, "cy": 541.5426465751151, "w": 1440, "h": 1080, "aabb_scale": 1, "frames": [{"file_path": "train_images/03879_image", "transform_matrix": [[-0.02087643550944511, -0.3271148209974878, 0.944753972378101, 1.712339670270815], [0.9765298862129181, 0.19594151728331305, 0.08942205062342548, 0.020998028338199276], [-0.21436780489011242, 0.9244473028185516, 0.31534683847804784, 0.1889843448496674], [0.0, 0.0, 0.0, 1.0]]}, {"file_path": "train_images/03921_image", "transform_matrix": [[-0.8591461413637702, -0.0273716765486956, -0.5109977486277785, -0.7977935257515134], [-0.46426619434566957, -0.37830237664557154, 0.800839692205688, 1.5271737705739639], [-0.21523198778883595, 0.92527731148409, 0.3123092830596629, 0.18770209841649302], [0.0, 0.0, 0.0, 1.0]]}, {"file_path": "train_images/03828_image", "transform_matrix": [[0.20982762618048523, 0.4086889539146237, -0.8882261571467219, -1.6467504739114072], [-0.9550976020007095, -0.10869078854478594, -0.2756354170603029, -0.35383206593063543], [-0.20919115168657834, 0.9061785979781708, 0.367531509699998, 0.28789839168670617], [0.0, 0.0, 0.0, 1.0]]}]}