{"camera_angle_x": 0.8836704333486497, "camera_angle_y": 0.6819013496909203, "fl_x": 1522.1201085541113, "fl_y": 1521.954743529035, "k1": 0.0652210706564525, "k2": 0.23102137964696204, "p1": -0.0018667704274258755, "p2": -0.00035823757611365637, "cx": 727.9348613007779, "cy": 541.5426465751151, "w": 1440, "h": 1080, "aabb_scale": 1, "frames": [{"file_path": "train_images/03879_image", "transform_matrix": [[-0.02087643550944511, -0.3271148209974878, 0.944753972378101, 1.712339670270815], [0.9765298862129181, 0.19594151728331305, 0.08942205062342548, 0.020998028338199276], [-0.21436780489011242, 0.9244473028185516, 0.31534683847804784, 0.1889843448496674], [0.0, 0.0, 0.0, 1.0]]}, {"file_path": "train_images/04021_image", "transform_matrix": [[-0.5567545794337019, -0.3827332280879757, 0.7372513915869942, 1.4215443806633807], [0.8022796365270689, -0.01767493308369189, 0.5966866694962117, 0.9680558912625761], [-0.21534094616118932, 0.923689814200549, 0.31689967505278255, 0.1957706823684846], [0.0, 0.0, 0.0, 1.0]]}, {"file_path": "train_images/04035_image", "transform_matrix": [[-0.909911740285186, -0.30890008615417575, 0.2768417628630608, 0.63791956308975], [0.3529462931452744, -0.2259298788024211, 0.9079562786937119, 1.5968104619307086], [-0.2179209467816125, 0.923870351639377, 0.3146013895639043, 0.19053777261673135], [0.0, 0.0, 0.0, 1.0]]}, {"file_path": "train_images/04050_image", "transform_matrix": [[-0.9205723962939906, -0.08281878541954472, -0.3816903351712895, -0.5541905899049961], [-0.32766181612367945, -0.36810509014179765, 0.8701358381690936, 1.6322477812357752], [-0.21256574850166232, 0.9260883820636833, 0.31173083128012474, 0.18646553001108818], [0.0, 0.0, 0.0, 1.0]]}, {"file_path": "train_images/04062_image", "transform_matrix": [[-0.5818701166538258, 0.13548794237180764, -0.8019165697359775, -1.3632790298183783], [-0.7844594903816561, -0.3536749645516198, 0.5094480615328347, 1.043902345138949], [-0.21459374477233856, 0.9255036666168666, 0.3120776951070361, 0.18482155310453177], [0.0, 0.0, 0.0, 1.0]]}, {"file_path": "train_images/03940_image", "transform_matrix": [[-0.035823640347479646, 0.31095125466338386, -0.9497504851357129, -1.712648370317387], [-0.9754341076686545, -0.217581875417533, -0.03444457992841433, 0.08866477482766262], [-0.2173590770796338, 0.9251850867329502, 0.31110703447211413, 0.18460767521328594], [0.0, 0.0, 0.0, 1.0]]}, {"file_path": "train_images/03828_image", "transform_matrix": [[0.20982762618048523, 0.4086889539146237, -0.8882261571467219, -1.6467504739114072], [-0.9550976020007095, -0.10869078854478594, -0.2756354170603029, -0.35383206593063543], [-0.20919115168657834, 0.9061785979781708, 0.367531509699998, 0.28789839168670617], [0.0, 0.0, 0.0, 1.0]]}, {"file_path": "train_images/03828_image", "transform_matrix": [[0.20982762618048523, 0.4086889539146237, -0.8882261571467219, -1.6467504739114072], [-0.9550976020007095, -0.10869078854478594, -0.2756354170603029, -0.35383206593063543], [-0.20919115168657834, 0.9061785979781708, 0.367531509699998, 0.28789839168670617], [0.0, 0.0, 0.0, 1.0]]}, {"file_path": "train_images/03745_image", "transform_matrix": [[0.21594328257123768, -0.32444882316984985, 0.9209242421915378, 1.641926434907356], [0.9541409167656684, 0.2703886867000139, -0.12847205555377317, -0.37038959959514384], [-0.2073248891617422, 0.9064341781113184, 0.36795851815894975, 0.287448313274378], [0.0, 0.0, 0.0, 1.0]]}, {"file_path": "train_images/03875_image", "transform_matrix": [[0.1834450392090662, -0.27767670433874847, 0.9429971184776522, 1.6792964089724856], [0.9593494666217666, 0.25985510153183267, -0.1101087058338845, -0.3367045398265584], [-0.21446798941127823, 0.9248626784963551, 0.3140581274898513, 0.18957317352273767], [0.0, 0.0, 0.0, 1.0]]}]}