{"camera_angle_x": 0.8836704333486497, "camera_angle_y": 0.6819013496909203, "fl_x": 1522.1201085541113, "fl_y": 1521.954743529035, "k1": 0.0652210706564525, "k2": 0.23102137964696204, "p1": -0.0018667704274258755, "p2": -0.00035823757611365637, "cx": 727.9348613007779, "cy": 541.5426465751151, "w": 1440, "h": 1080, "aabb_scale": 1, "frames": [{"file_path": "train_images/03951_image", "transform_matrix": [[-0.9773501674136467, -0.20856036445615203, -0.035905774388444105, 0.07501893286622714], [0.032101393405617455, -0.31380322651858333, 0.948945222638243, 1.7144922108232576], [-0.20917970933609834, 0.9262991468226902, 0.3133907142811058, 0.2082172593784569], [0.0, 0.0, 0.0, 1.0]]}, {"file_path": "train_images/03951_image", "transform_matrix": [[-0.9773501674136467, -0.20856036445615203, -0.035905774388444105, 0.07501893286622714], [0.032101393405617455, -0.31380322651858333, 0.948945222638243, 1.7144922108232576], [-0.20917970933609834, 0.9262991468226902, 0.3133907142811058, 0.2082172593784569], [0.0, 0.0, 0.0, 1.0]]}, {"file_path": "train_images/03951_image", "transform_matrix": [[-0.9773501674136467, -0.20856036445615203, -0.035905774388444105, 0.07501893286622714], [0.032101393405617455, -0.31380322651858333, 0.948945222638243, 1.7144922108232576], [-0.20917970933609834, 0.9262991468226902, 0.3133907142811058, 0.2082172593784569], [0.0, 0.0, 0.0, 1.0]]}, {"file_path": "train_images/03951_image", "transform_matrix": [[-0.9773501674136467, -0.20856036445615203, -0.035905774388444105, 0.07501893286622714], [0.032101393405617455, -0.31380322651858333, 0.948945222638243, 1.7144922108232576], [-0.20917970933609834, 0.9262991468226902, 0.3133907142811058, 0.2082172593784569], [0.0, 0.0, 0.0, 1.0]]}, {"file_path": "train_images/03951_image", "transform_matrix": [[-0.9773501674136467, -0.20856036445615203, -0.035905774388444105, 0.07501893286622714], [0.032101393405617455, -0.31380322651858333, 0.948945222638243, 1.7144922108232576], [-0.20917970933609834, 0.9262991468226902, 0.3133907142811058, 0.2082172593784569], [0.0, 0.0, 0.0, 1.0]]}, {"file_path": "train_images/04044_image", "transform_matrix": [[0.48037816737874944, -0.1874298500828938, 0.8568003662486018, 1.485046122658671], [0.852616179890353, 0.32883043293227326, -0.40609875174242405, -0.8519952351645901], [-0.20562700721212515, 0.9256028293363615, 0.31776868352546467, 0.219475452435242], [0.0, 0.0, 0.0, 1.0]]}, {"file_path": "train_images/04044_image", "transform_matrix": [[0.48037816737874944, -0.1874298500828938, 0.8568003662486018, 1.485046122658671], [0.852616179890353, 0.32883043293227326, -0.40609875174242405, -0.8519952351645901], [-0.20562700721212515, 0.9256028293363615, 0.31776868352546467, 0.219475452435242], [0.0, 0.0, 0.0, 1.0]]}, {"file_path": "train_images/04044_image", "transform_matrix": [[0.48037816737874944, -0.1874298500828938, 0.8568003662486018, 1.485046122658671], [0.852616179890353, 0.32883043293227326, -0.40609875174242405, -0.8519952351645901], [-0.20562700721212515, 0.9256028293363615, 0.31776868352546467, 0.219475452435242], [0.0, 0.0, 0.0, 1.0]]}, {"file_path": "train_images/04044_image", "transform_matrix": [[0.48037816737874944, -0.1874298500828938, 0.8568003662486018, 1.485046122658671], [0.852616179890353, 0.32883043293227326, -0.40609875174242405, -0.8519952351645901], [-0.20562700721212515, 0.9256028293363615, 0.31776868352546467, 0.219475452435242], [0.0, 0.0, 0.0, 1.0]]}, {"file_path": "train_images/04044_image", "transform_matrix": [[0.48037816737874944, -0.1874298500828938, 0.8568003662486018, 1.485046122658671], [0.852616179890353, 0.32883043293227326, -0.40609875174242405, -0.8519952351645901], [-0.20562700721212515, 0.9256028293363615, 0.31776868352546467, 0.219475452435242], [0.0, 0.0, 0.0, 1.0]]}, {"file_path": "train_images/04044_image", "transform_matrix": [[0.48037816737874944, -0.1874298500828938, 0.8568003662486018, 1.485046122658671], [0.852616179890353, 0.32883043293227326, -0.40609875174242405, -0.8519952351645901], [-0.20562700721212515, 0.9256028293363615, 0.31776868352546467, 0.219475452435242], [0.0, 0.0, 0.0, 1.0]]}, {"file_path": "train_images/04044_image", "transform_matrix": [[0.48037816737874944, -0.1874298500828938, 0.8568003662486018, 1.485046122658671], [0.852616179890353, 0.32883043293227326, -0.40609875174242405, -0.8519952351645901], [-0.20562700721212515, 0.9256028293363615, 0.31776868352546467, 0.219475452435242], [0.0, 0.0, 0.0, 1.0]]}, {"file_path": "train_images/04044_image", "transform_matrix": [[0.48037816737874944, -0.1874298500828938, 0.8568003662486018, 1.485046122658671], [0.852616179890353, 0.32883043293227326, -0.40609875174242405, -0.8519952351645901], [-0.20562700721212515, 0.9256028293363615, 0.31776868352546467, 0.219475452435242], [0.0, 0.0, 0.0, 1.0]]}, {"file_path": "train_images/03995_image", "transform_matrix": [[0.46545678949594127, 0.37168567357897586, -0.8032432615143895, -1.5174982410576965], [-0.8614089276268725, -0.018204044325780266, -0.5075857288920823, -0.7881963689880542], [-0.20328461947932133, 0.9281801402886877, 0.3117001614642179, 0.2050506428414911], [0.0, 0.0, 0.0, 1.0]]}, {"file_path": "train_images/03995_image", "transform_matrix": [[0.46545678949594127, 0.37168567357897586, -0.8032432615143895, -1.5174982410576965], [-0.8614089276268725, -0.018204044325780266, -0.5075857288920823, -0.7881963689880542], [-0.20328461947932133, 0.9281801402886877, 0.3117001614642179, 0.2050506428414911], [0.0, 0.0, 0.0, 1.0]]}, {"file_path": "train_images/03995_image", "transform_matrix": [[0.46545678949594127, 0.37168567357897586, -0.8032432615143895, -1.5174982410576965], [-0.8614089276268725, -0.018204044325780266, -0.5075857288920823, -0.7881963689880542], [-0.20328461947932133, 0.9281801402886877, 0.3117001614642179, 0.2050506428414911], [0.0, 0.0, 0.0, 1.0]]}, {"file_path": "train_images/03995_image", "transform_matrix": [[0.46545678949594127, 0.37168567357897586, -0.8032432615143895, -1.5174982410576965], [-0.8614089276268725, -0.018204044325780266, -0.5075857288920823, -0.7881963689880542], [-0.20328461947932133, 0.9281801402886877, 0.3117001614642179, 0.2050506428414911], [0.0, 0.0, 0.0, 1.0]]}, {"file_path": "train_images/03995_image", "transform_matrix": [[0.46545678949594127, 0.37168567357897586, -0.8032432615143895, -1.5174982410576965], [-0.8614089276268725, -0.018204044325780266, -0.5075857288920823, -0.7881963689880542], [-0.20328461947932133, 0.9281801402886877, 0.3117001614642179, 0.2050506428414911], [0.0, 0.0, 0.0, 1.0]]}, {"file_path": "train_images/03995_image", "transform_matrix": [[0.46545678949594127, 0.37168567357897586, -0.8032432615143895, -1.5174982410576965], [-0.8614089276268725, -0.018204044325780266, -0.5075857288920823, -0.7881963689880542], [-0.20328461947932133, 0.9281801402886877, 0.3117001614642179, 0.2050506428414911], [0.0, 0.0, 0.0, 1.0]]}, {"file_path": "train_images/03995_image", "transform_matrix": [[0.46545678949594127, 0.37168567357897586, -0.8032432615143895, -1.5174982410576965], [-0.8614089276268725, -0.018204044325780266, -0.5075857288920823, -0.7881963689880542], [-0.20328461947932133, 0.9281801402886877, 0.3117001614642179, 0.2050506428414911], [0.0, 0.0, 0.0, 1.0]]}, {"file_path": "train_images/03995_image", "transform_matrix": [[0.46545678949594127, 0.37168567357897586, -0.8032432615143895, -1.5174982410576965], [-0.8614089276268725, -0.018204044325780266, -0.5075857288920823, -0.7881963689880542], [-0.20328461947932133, 0.9281801402886877, 0.3117001614642179, 0.2050506428414911], [0.0, 0.0, 0.0, 1.0]]}, {"file_path": "train_images/03995_image", "transform_matrix": [[0.46545678949594127, 0.37168567357897586, -0.8032432615143895, -1.5174982410576965], [-0.8614089276268725, -0.018204044325780266, -0.5075857288920823, -0.7881963689880542], [-0.20328461947932133, 0.9281801402886877, 0.3117001614642179, 0.2050506428414911], [0.0, 0.0, 0.0, 1.0]]}, {"file_path": "train_images/03951_image", "transform_matrix": [[-0.9773501674136467, -0.20856036445615203, -0.035905774388444105, 0.07501893286622714], [0.032101393405617455, -0.31380322651858333, 0.948945222638243, 1.7144922108232576], [-0.20917970933609834, 0.9262991468226902, 0.3133907142811058, 0.2082172593784569], [0.0, 0.0, 0.0, 1.0]]}, {"file_path": "train_images/03951_image", "transform_matrix": [[-0.9773501674136467, -0.20856036445615203, -0.035905774388444105, 0.07501893286622714], [0.032101393405617455, -0.31380322651858333, 0.948945222638243, 1.7144922108232576], [-0.20917970933609834, 0.9262991468226902, 0.3133907142811058, 0.2082172593784569], [0.0, 0.0, 0.0, 1.0]]}, {"file_path": "train_images/03951_image", "transform_matrix": [[-0.9773501674136467, -0.20856036445615203, -0.035905774388444105, 0.07501893286622714], [0.032101393405617455, -0.31380322651858333, 0.948945222638243, 1.7144922108232576], [-0.20917970933609834, 0.9262991468226902, 0.3133907142811058, 0.2082172593784569], [0.0, 0.0, 0.0, 1.0]]}]}