{"camera_angle_x": 0.8836704333486497, "camera_angle_y": 0.6819013496909203, "fl_x": 1522.1201085541113, "fl_y": 1521.954743529035, "k1": 0.0652210706564525, "k2": 0.23102137964696204, "p1": -0.0018667704274258755, "p2": -0.00035823757611365637, "cx": 727.9348613007779, "cy": 541.5426465751151, "w": 1440, "h": 1080, "aabb_scale": 1, "frames": [{"file_path": "train_images/03932_image", "transform_matrix": [[-0.9755120064760708, -0.20805055694501026, -0.07135328286702207, 0.017228197025877037], [0.0011005607913066326, -0.32902563751874103, 0.9443203474570114, 1.7436340720754018], [-0.2199434336073138, 0.9211173082785151, 0.32119743212355867, 0.17903804820992936], [0.0, 0.0, 0.0, 1.0]]}, {"file_path": "train_images/04026_image", "transform_matrix": [[0.45084350281117086, -0.19580455587293122, 0.8708620510002477, 1.5362663044333722], [0.8639623951398191, 0.3408889163866316, -0.3706261276124706, -0.8077794668614986], [-0.2242969365756498, 0.9194864450246955, 0.32285532620451945, 0.1806976098951496], [0.0, 0.0, 0.0, 1.0]]}, {"file_path": "train_images/03978_image", "transform_matrix": [[0.4366593873573866, 0.3933289155421543, -0.8090864871143904, -1.5539446809397548], [-0.8720790951314807, -0.035788851013559886, -0.48805451537485744, -0.7603018048392265], [-0.22092222900226588, 0.9187009972464175, 0.32738638699724276, 0.18804842070383063], [0.0, 0.0, 0.0, 1.0]]}]}