{"camera_angle_x": 0.8836704333486497, "camera_angle_y": 0.6819013496909203, "fl_x": 1522.1201085541113, "fl_y": 1521.954743529035, "k1": 0.0652210706564525, "k2": 0.23102137964696204, "p1": -0.0018667704274258755, "p2": -0.00035823757611365637, "cx": 727.9348613007779, "cy": 541.5426465751151, "w": 1440, "h": 1080, "aabb_scale": 1, "frames": [{"file_path": "train_images/04090_image", "transform_matrix": [[-0.9773884778066686, -0.19260234922464217, -0.08727026139477405, -0.011380364506492213], [-0.022083152998718856, -0.3174875515793256, 0.94800526841669, 1.7174093485126996], [-0.2102952633903065, 0.9284966287851097, 0.3060554076148428, 0.1808995728263478], [0.0, 0.0, 0.0, 1.0]]}, {"file_path": "train_images/04041_image", "transform_matrix": [[0.5030972022139171, -0.16001398909223352, 0.8492871884229266, 1.462530177446373], [0.8382026557238775, 0.3297003504070424, -0.4344122315024202, -0.9060935782239257], [-0.21049824954608962, 0.9304263550847343, 0.29999547446881286, 0.17217564995734805], [0.0, 0.0, 0.0, 1.0]]}, {"file_path": "train_images/03991_image", "transform_matrix": [[0.4229302477613938, 0.3661331598426205, -0.828900787062085, -1.557270424992851], [-0.8800654434798508, -0.05198503546417296, -0.47199827465828964, -0.7169932084726577], [-0.21590465655260807, 0.9291092860107721, 0.3002350977608274, 0.1711122324338657], [0.0, 0.0, 0.0, 1.0]]}]}