{"camera_angle_x": 0.8836704333486497, "camera_angle_y": 0.6819013496909203, "fl_x": 1522.1201085541113, "fl_y": 1521.954743529035, "k1": 0.0652210706564525, "k2": 0.23102137964696204, "p1": -0.0018667704274258755, "p2": -0.00035823757611365637, "cx": 727.9348613007779, "cy": 541.5426465751151, "w": 1440, "h": 1080, "aabb_scale": 1, "frames": [{"file_path": "train_images/03980_image", "transform_matrix": [[-0.9765394344230989, -0.19814427699936243, -0.08431831656890484, -0.008793248178902702], [-0.018314624191771448, -0.31371947827833585, 0.9493390666613709, 1.7186059352016445], [-0.21455840127417128, 0.92861129351369, 0.30273050391644213, 0.18216369478766078], [0.0, 0.0, 0.0, 1.0]]}, {"file_path": "train_images/03980_image", "transform_matrix": [[-0.9765394344230989, -0.19814427699936243, -0.08431831656890484, -0.008793248178902702], [-0.018314624191771448, -0.31371947827833585, 0.9493390666613709, 1.7186059352016445], [-0.21455840127417128, 0.92861129351369, 0.30273050391644213, 0.18216369478766078], [0.0, 0.0, 0.0, 1.0]]}, {"file_path": "train_images/03980_image", "transform_matrix": [[-0.9765394344230989, -0.19814427699936243, -0.08431831656890484, -0.008793248178902702], [-0.018314624191771448, -0.31371947827833585, 0.9493390666613709, 1.7186059352016445], [-0.21455840127417128, 0.92861129351369, 0.30273050391644213, 0.18216369478766078], [0.0, 0.0, 0.0, 1.0]]}, {"file_path": "train_images/03980_image", "transform_matrix": [[-0.9765394344230989, -0.19814427699936243, -0.08431831656890484, -0.008793248178902702], [-0.018314624191771448, -0.31371947827833585, 0.9493390666613709, 1.7186059352016445], [-0.21455840127417128, 0.92861129351369, 0.30273050391644213, 0.18216369478766078], [0.0, 0.0, 0.0, 1.0]]}, {"file_path": "train_images/03980_image", "transform_matrix": [[-0.9765394344230989, -0.19814427699936243, -0.08431831656890484, -0.008793248178902702], [-0.018314624191771448, -0.31371947827833585, 0.9493390666613709, 1.7186059352016445], [-0.21455840127417128, 0.92861129351369, 0.30273050391644213, 0.18216369478766078], [0.0, 0.0, 0.0, 1.0]]}, {"file_path": "train_images/03939_image", "transform_matrix": [[0.48033654765468026, -0.17204023580068295, 0.8600459047358044, 1.4828598251034353], [0.8505537472691508, 0.3307207697491745, -0.40887907193071044, -0.8549686260484156], [-0.21409139168492664, 0.9279148289159727, 0.30518674002035606, 0.1873083544707127], [0.0, 0.0, 0.0, 1.0]]}, {"file_path": "train_images/03939_image", "transform_matrix": [[0.48033654765468026, -0.17204023580068295, 0.8600459047358044, 1.4828598251034353], [0.8505537472691508, 0.3307207697491745, -0.40887907193071044, -0.8549686260484156], [-0.21409139168492664, 0.9279148289159727, 0.30518674002035606, 0.1873083544707127], [0.0, 0.0, 0.0, 1.0]]}, {"file_path": "train_images/03939_image", "transform_matrix": [[0.48033654765468026, -0.17204023580068295, 0.8600459047358044, 1.4828598251034353], [0.8505537472691508, 0.3307207697491745, -0.40887907193071044, -0.8549686260484156], [-0.21409139168492664, 0.9279148289159727, 0.30518674002035606, 0.1873083544707127], [0.0, 0.0, 0.0, 1.0]]}, {"file_path": "train_images/03939_image", "transform_matrix": [[0.48033654765468026, -0.17204023580068295, 0.8600459047358044, 1.4828598251034353], [0.8505537472691508, 0.3307207697491745, -0.40887907193071044, -0.8549686260484156], [-0.21409139168492664, 0.9279148289159727, 0.30518674002035606, 0.1873083544707127], [0.0, 0.0, 0.0, 1.0]]}, {"file_path": "train_images/03939_image", "transform_matrix": [[0.48033654765468026, -0.17204023580068295, 0.8600459047358044, 1.4828598251034353], [0.8505537472691508, 0.3307207697491745, -0.40887907193071044, -0.8549686260484156], [-0.21409139168492664, 0.9279148289159727, 0.30518674002035606, 0.1873083544707127], [0.0, 0.0, 0.0, 1.0]]}, {"file_path": "train_images/03939_image", "transform_matrix": [[0.48033654765468026, -0.17204023580068295, 0.8600459047358044, 1.4828598251034353], [0.8505537472691508, 0.3307207697491745, -0.40887907193071044, -0.8549686260484156], [-0.21409139168492664, 0.9279148289159727, 0.30518674002035606, 0.1873083544707127], [0.0, 0.0, 0.0, 1.0]]}, {"file_path": "train_images/03939_image", "transform_matrix": [[0.48033654765468026, -0.17204023580068295, 0.8600459047358044, 1.4828598251034353], [0.8505537472691508, 0.3307207697491745, -0.40887907193071044, -0.8549686260484156], [-0.21409139168492664, 0.9279148289159727, 0.30518674002035606, 0.1873083544707127], [0.0, 0.0, 0.0, 1.0]]}, {"file_path": "train_images/03939_image", "transform_matrix": [[0.48033654765468026, -0.17204023580068295, 0.8600459047358044, 1.4828598251034353], [0.8505537472691508, 0.3307207697491745, -0.40887907193071044, -0.8549686260484156], [-0.21409139168492664, 0.9279148289159727, 0.30518674002035606, 0.1873083544707127], [0.0, 0.0, 0.0, 1.0]]}, {"file_path": "train_images/04023_image", "transform_matrix": [[0.5245221433182518, 0.3692563185080386, -0.7671546730684218, -1.4568271221578832], [-0.8240378164200555, -0.00640730903192302, -0.5664985644294575, -0.8953982696838167], [-0.21409857140694366, 0.9293055028529957, 0.30092039493634604, 0.1781482824642032], [0.0, 0.0, 0.0, 1.0]]}, {"file_path": "train_images/04023_image", "transform_matrix": [[0.5245221433182518, 0.3692563185080386, -0.7671546730684218, -1.4568271221578832], [-0.8240378164200555, -0.00640730903192302, -0.5664985644294575, -0.8953982696838167], [-0.21409857140694366, 0.9293055028529957, 0.30092039493634604, 0.1781482824642032], [0.0, 0.0, 0.0, 1.0]]}, {"file_path": "train_images/04023_image", "transform_matrix": [[0.5245221433182518, 0.3692563185080386, -0.7671546730684218, -1.4568271221578832], [-0.8240378164200555, -0.00640730903192302, -0.5664985644294575, -0.8953982696838167], [-0.21409857140694366, 0.9293055028529957, 0.30092039493634604, 0.1781482824642032], [0.0, 0.0, 0.0, 1.0]]}, {"file_path": "train_images/04023_image", "transform_matrix": [[0.5245221433182518, 0.3692563185080386, -0.7671546730684218, -1.4568271221578832], [-0.8240378164200555, -0.00640730903192302, -0.5664985644294575, -0.8953982696838167], [-0.21409857140694366, 0.9293055028529957, 0.30092039493634604, 0.1781482824642032], [0.0, 0.0, 0.0, 1.0]]}, {"file_path": "train_images/04023_image", "transform_matrix": [[0.5245221433182518, 0.3692563185080386, -0.7671546730684218, -1.4568271221578832], [-0.8240378164200555, -0.00640730903192302, -0.5664985644294575, -0.8953982696838167], [-0.21409857140694366, 0.9293055028529957, 0.30092039493634604, 0.1781482824642032], [0.0, 0.0, 0.0, 1.0]]}, {"file_path": "train_images/04023_image", "transform_matrix": [[0.5245221433182518, 0.3692563185080386, -0.7671546730684218, -1.4568271221578832], [-0.8240378164200555, -0.00640730903192302, -0.5664985644294575, -0.8953982696838167], [-0.21409857140694366, 0.9293055028529957, 0.30092039493634604, 0.1781482824642032], [0.0, 0.0, 0.0, 1.0]]}, {"file_path": "train_images/04023_image", "transform_matrix": [[0.5245221433182518, 0.3692563185080386, -0.7671546730684218, -1.4568271221578832], [-0.8240378164200555, -0.00640730903192302, -0.5664985644294575, -0.8953982696838167], [-0.21409857140694366, 0.9293055028529957, 0.30092039493634604, 0.1781482824642032], [0.0, 0.0, 0.0, 1.0]]}, {"file_path": "train_images/04023_image", "transform_matrix": [[0.5245221433182518, 0.3692563185080386, -0.7671546730684218, -1.4568271221578832], [-0.8240378164200555, -0.00640730903192302, -0.5664985644294575, -0.8953982696838167], [-0.21409857140694366, 0.9293055028529957, 0.30092039493634604, 0.1781482824642032], [0.0, 0.0, 0.0, 1.0]]}, {"file_path": "train_images/03980_image", "transform_matrix": [[-0.9765394344230989, -0.19814427699936243, -0.08431831656890484, -0.008793248178902702], [-0.018314624191771448, -0.31371947827833585, 0.9493390666613709, 1.7186059352016445], [-0.21455840127417128, 0.92861129351369, 0.30273050391644213, 0.18216369478766078], [0.0, 0.0, 0.0, 1.0]]}, {"file_path": "train_images/03980_image", "transform_matrix": [[-0.9765394344230989, -0.19814427699936243, -0.08431831656890484, -0.008793248178902702], [-0.018314624191771448, -0.31371947827833585, 0.9493390666613709, 1.7186059352016445], [-0.21455840127417128, 0.92861129351369, 0.30273050391644213, 0.18216369478766078], [0.0, 0.0, 0.0, 1.0]]}, {"file_path": "train_images/03980_image", "transform_matrix": [[-0.9765394344230989, -0.19814427699936243, -0.08431831656890484, -0.008793248178902702], [-0.018314624191771448, -0.31371947827833585, 0.9493390666613709, 1.7186059352016445], [-0.21455840127417128, 0.92861129351369, 0.30273050391644213, 0.18216369478766078], [0.0, 0.0, 0.0, 1.0]]}, {"file_path": "train_images/03980_image", "transform_matrix": [[-0.9765394344230989, -0.19814427699936243, -0.08431831656890484, -0.008793248178902702], [-0.018314624191771448, -0.31371947827833585, 0.9493390666613709, 1.7186059352016445], [-0.21455840127417128, 0.92861129351369, 0.30273050391644213, 0.18216369478766078], [0.0, 0.0, 0.0, 1.0]]}]}