{"camera_angle_x": 0.8836704333486497, "camera_angle_y": 0.6819013496909203, "fl_x": 1522.1201085541113, "fl_y": 1521.954743529035, "k1": 0.0652210706564525, "k2": 0.23102137964696204, "p1": -0.0018667704274258755, "p2": -0.00035823757611365637, "cx": 727.9348613007779, "cy": 541.5426465751151, "w": 1440, "h": 1080, "aabb_scale": 1, "frames": [{"file_path": "train_images/04113_image", "transform_matrix": [[-0.9760805395246537, -0.21334709534496735, -0.041830578159119794, 0.06758642948577157], [0.025849421949045593, -0.30492513998993936, 0.9520254546948921, 1.7164080295305202], [-0.21586706035465675, 0.9281722231945865, 0.30314639424518586, 0.18317168182341262], [0.0, 0.0, 0.0, 1.0]]}, {"file_path": "train_images/04113_image", "transform_matrix": [[-0.9760805395246537, -0.21334709534496735, -0.041830578159119794, 0.06758642948577157], [0.025849421949045593, -0.30492513998993936, 0.9520254546948921, 1.7164080295305202], [-0.21586706035465675, 0.9281722231945865, 0.30314639424518586, 0.18317168182341262], [0.0, 0.0, 0.0, 1.0]]}, {"file_path": "train_images/03928_image", "transform_matrix": [[0.4967143652199436, -0.16481421782242772, 0.8521215365120929, 1.467266595094123], [0.8418974769044391, 0.33008442862259846, -0.4269108904242575, -0.8869638372315238], [-0.21091106601145462, 0.9294517435480307, 0.30271435157494225, 0.18389897844375516], [0.0, 0.0, 0.0, 1.0]]}, {"file_path": "train_images/03928_image", "transform_matrix": [[0.4967143652199436, -0.16481421782242772, 0.8521215365120929, 1.467266595094123], [0.8418974769044391, 0.33008442862259846, -0.4269108904242575, -0.8869638372315238], [-0.21091106601145462, 0.9294517435480307, 0.30271435157494225, 0.18389897844375516], [0.0, 0.0, 0.0, 1.0]]}, {"file_path": "train_images/03928_image", "transform_matrix": [[0.4967143652199436, -0.16481421782242772, 0.8521215365120929, 1.467266595094123], [0.8418974769044391, 0.33008442862259846, -0.4269108904242575, -0.8869638372315238], [-0.21091106601145462, 0.9294517435480307, 0.30271435157494225, 0.18389897844375516], [0.0, 0.0, 0.0, 1.0]]}, {"file_path": "train_images/03928_image", "transform_matrix": [[0.4967143652199436, -0.16481421782242772, 0.8521215365120929, 1.467266595094123], [0.8418974769044391, 0.33008442862259846, -0.4269108904242575, -0.8869638372315238], [-0.21091106601145462, 0.9294517435480307, 0.30271435157494225, 0.18389897844375516], [0.0, 0.0, 0.0, 1.0]]}, {"file_path": "train_images/04019_image", "transform_matrix": [[0.49150220531944294, 0.36600201067541627, -0.790232946888243, -1.4973974921867517], [-0.8445772015289389, -0.020985572563194582, -0.5350223886920443, -0.8379762492390496], [-0.2124027608664026, 0.9303774147762549, 0.29880249873550657, 0.17608516574131067], [0.0, 0.0, 0.0, 1.0]]}, {"file_path": "train_images/04019_image", "transform_matrix": [[0.49150220531944294, 0.36600201067541627, -0.790232946888243, -1.4973974921867517], [-0.8445772015289389, -0.020985572563194582, -0.5350223886920443, -0.8379762492390496], [-0.2124027608664026, 0.9303774147762549, 0.29880249873550657, 0.17608516574131067], [0.0, 0.0, 0.0, 1.0]]}, {"file_path": "train_images/04019_image", "transform_matrix": [[0.49150220531944294, 0.36600201067541627, -0.790232946888243, -1.4973974921867517], [-0.8445772015289389, -0.020985572563194582, -0.5350223886920443, -0.8379762492390496], [-0.2124027608664026, 0.9303774147762549, 0.29880249873550657, 0.17608516574131067], [0.0, 0.0, 0.0, 1.0]]}, {"file_path": "train_images/04113_image", "transform_matrix": [[-0.9760805395246537, -0.21334709534496735, -0.041830578159119794, 0.06758642948577157], [0.025849421949045593, -0.30492513998993936, 0.9520254546948921, 1.7164080295305202], [-0.21586706035465675, 0.9281722231945865, 0.30314639424518586, 0.18317168182341262], [0.0, 0.0, 0.0, 1.0]]}]}