{"camera_angle_x": 0.8836704333486497, "camera_angle_y": 0.6819013496909203, "fl_x": 1522.1201085541113, "fl_y": 1521.954743529035, "k1": 0.0652210706564525, "k2": 0.23102137964696204, "p1": -0.0018667704274258755, "p2": -0.00035823757611365637, "cx": 727.9348613007779, "cy": 541.5426465751151, "w": 1440, "h": 1080, "aabb_scale": 1, "frames": [{"file_path": "train_images/04096_image", "transform_matrix": [[-0.97471136072805, -0.19869704109762687, -0.10226069199218814, -0.04067420653429715], [-0.03602323494321692, -0.31191587650399005, 0.9494265703723346, 1.7263141747516], [-0.2205449836470986, 0.9291006252520744, 0.2968702382259047, 0.1614672323690311], [0.0, 0.0, 0.0, 1.0]]}, {"file_path": "train_images/04096_image", "transform_matrix": [[-0.97471136072805, -0.19869704109762687, -0.10226069199218814, -0.04067420653429715], [-0.03602323494321692, -0.31191587650399005, 0.9494265703723346, 1.7263141747516], [-0.2205449836470986, 0.9291006252520744, 0.2968702382259047, 0.1614672323690311], [0.0, 0.0, 0.0, 1.0]]}, {"file_path": "train_images/04048_image", "transform_matrix": [[0.5217483890608736, -0.1393248478958959, 0.8416455342192274, 1.445813845756826], [0.8245456636451937, 0.3354692048343513, -0.4556148166727187, -0.9390483470552159], [-0.218867693084864, 0.9316914721980627, 0.2899102163724422, 0.14921844504633297], [0.0, 0.0, 0.0, 1.0]]}, {"file_path": "train_images/04048_image", "transform_matrix": [[0.5217483890608736, -0.1393248478958959, 0.8416455342192274, 1.445813845756826], [0.8245456636451937, 0.3354692048343513, -0.4556148166727187, -0.9390483470552159], [-0.218867693084864, 0.9316914721980627, 0.2899102163724422, 0.14921844504633297], [0.0, 0.0, 0.0, 1.0]]}, {"file_path": "train_images/04048_image", "transform_matrix": [[0.5217483890608736, -0.1393248478958959, 0.8416455342192274, 1.445813845756826], [0.8245456636451937, 0.3354692048343513, -0.4556148166727187, -0.9390483470552159], [-0.218867693084864, 0.9316914721980627, 0.2899102163724422, 0.14921844504633297], [0.0, 0.0, 0.0, 1.0]]}, {"file_path": "train_images/04048_image", "transform_matrix": [[0.5217483890608736, -0.1393248478958959, 0.8416455342192274, 1.445813845756826], [0.8245456636451937, 0.3354692048343513, -0.4556148166727187, -0.9390483470552159], [-0.218867693084864, 0.9316914721980627, 0.2899102163724422, 0.14921844504633297], [0.0, 0.0, 0.0, 1.0]]}, {"file_path": "train_images/04136_image", "transform_matrix": [[0.45868630516654296, 0.36389698654066827, -0.8106700047733886, -1.532268651309957], [-0.860449039080687, -0.045917207685228834, -0.5074633594492453, -0.7855270765641966], [-0.2218880902567494, 0.9303067199719738, 0.2920532180565733, 0.15305007775857152], [0.0, 0.0, 0.0, 1.0]]}, {"file_path": "train_images/04136_image", "transform_matrix": [[0.45868630516654296, 0.36389698654066827, -0.8106700047733886, -1.532268651309957], [-0.860449039080687, -0.045917207685228834, -0.5074633594492453, -0.7855270765641966], [-0.2218880902567494, 0.9303067199719738, 0.2920532180565733, 0.15305007775857152], [0.0, 0.0, 0.0, 1.0]]}, {"file_path": "train_images/04136_image", "transform_matrix": [[0.45868630516654296, 0.36389698654066827, -0.8106700047733886, -1.532268651309957], [-0.860449039080687, -0.045917207685228834, -0.5074633594492453, -0.7855270765641966], [-0.2218880902567494, 0.9303067199719738, 0.2920532180565733, 0.15305007775857152], [0.0, 0.0, 0.0, 1.0]]}, {"file_path": "train_images/04096_image", "transform_matrix": [[-0.97471136072805, -0.19869704109762687, -0.10226069199218814, -0.04067420653429715], [-0.03602323494321692, -0.31191587650399005, 0.9494265703723346, 1.7263141747516], [-0.2205449836470986, 0.9291006252520744, 0.2968702382259047, 0.1614672323690311], [0.0, 0.0, 0.0, 1.0]]}]}