{"camera_angle_x": 0.8836704333486497, "camera_angle_y": 0.6819013496909203, "fl_x": 1522.1201085541113, "fl_y": 1521.954743529035, "k1": 0.0652210706564525, "k2": 0.23102137964696204, "p1": -0.0018667704274258755, "p2": -0.00035823757611365637, "cx": 727.9348613007779, "cy": 541.5426465751151, "w": 1440, "h": 1080, "aabb_scale": 1, "frames": [{"file_path": "train_images/03990_image", "transform_matrix": [[-0.9766166919233755, -0.19802167395297032, -0.0837093405869754, -0.00713166040988325], [-0.016889174857418213, -0.31749713269960506, 0.9481088157485748, 1.7182140773136556], [-0.21432357040064046, 0.9273526769101348, 0.3067285767552949, 0.186590287926532], [0.0, 0.0, 0.0, 1.0]]}, {"file_path": "train_images/04087_image", "transform_matrix": [[0.46756211991569363, -0.18089951080776462, 0.8652520043371492, 1.4951225835679267], [0.8581745412497507, 0.3275907078943712, -0.395247751229586, -0.8330398243372548], [-0.2119483917625291, 0.9273401183442762, 0.3084123605475327, 0.1898309870439327], [0.0, 0.0, 0.0, 1.0]]}, {"file_path": "train_images/04038_image", "transform_matrix": [[0.5375169205447123, 0.3732053713230848, -0.7561701600458245, -1.4415641788733724], [-0.8161926826505996, 0.004912361844601532, -0.5777589233311118, -0.9177147415982405], [-0.2119081520747779, 0.9277357487543024, 0.3072479708111132, 0.18622300431463623], [0.0, 0.0, 0.0, 1.0]]}]}