{"camera_angle_x": 0.8836704333486497, "camera_angle_y": 0.6819013496909203, "fl_x": 1522.1201085541113, "fl_y": 1521.954743529035, "k1": 0.0652210706564525, "k2": 0.23102137964696204, "p1": -0.0018667704274258755, "p2": -0.00035823757611365637, "cx": 727.9348613007779, "cy": 541.5426465751151, "w": 1440, "h": 1080, "aabb_scale": 1, "frames": [{"file_path": "train_images/04044_image", "transform_matrix": [[-0.9734499986332236, -0.1801570394467863, -0.14120389972924255, -0.10917247168780275], [-0.07434694118593459, -0.33458524978976134, 0.939428146778357, 1.7151967146053924], [-0.21648933575876683, 0.924984406225798, 0.3123078861345576, 0.18565291348998425], [0.0, 0.0, 0.0, 1.0]]}, {"file_path": "train_images/04044_image", "transform_matrix": [[-0.9734499986332236, -0.1801570394467863, -0.14120389972924255, -0.10917247168780275], [-0.07434694118593459, -0.33458524978976134, 0.939428146778357, 1.7151967146053924], [-0.21648933575876683, 0.924984406225798, 0.3123078861345576, 0.18565291348998425], [0.0, 0.0, 0.0, 1.0]]}, {"file_path": "train_images/04044_image", "transform_matrix": [[-0.9734499986332236, -0.1801570394467863, -0.14120389972924255, -0.10917247168780275], [-0.07434694118593459, -0.33458524978976134, 0.939428146778357, 1.7151967146053924], [-0.21648933575876683, 0.924984406225798, 0.3123078861345576, 0.18565291348998425], [0.0, 0.0, 0.0, 1.0]]}, {"file_path": "train_images/04044_image", "transform_matrix": [[-0.9734499986332236, -0.1801570394467863, -0.14120389972924255, -0.10917247168780275], [-0.07434694118593459, -0.33458524978976134, 0.939428146778357, 1.7151967146053924], [-0.21648933575876683, 0.924984406225798, 0.3123078861345576, 0.18565291348998425], [0.0, 0.0, 0.0, 1.0]]}, {"file_path": "train_images/04044_image", "transform_matrix": [[-0.9734499986332236, -0.1801570394467863, -0.14120389972924255, -0.10917247168780275], [-0.07434694118593459, -0.33458524978976134, 0.939428146778357, 1.7151967146053924], [-0.21648933575876683, 0.924984406225798, 0.3123078861345576, 0.18565291348998425], [0.0, 0.0, 0.0, 1.0]]}, {"file_path": "train_images/03868_image", "transform_matrix": [[0.4661793009071816, -0.18594953456270785, 0.8649275287569494, 1.4994512593720994], [0.8579227565796029, 0.3336918250721907, -0.3906639343769091, -0.8305234523643279], [-0.2159754688582637, 0.9241604495302225, 0.3150905590073279, 0.1935561616765051], [0.0, 0.0, 0.0, 1.0]]}, {"file_path": "train_images/03868_image", "transform_matrix": [[0.4661793009071816, -0.18594953456270785, 0.8649275287569494, 1.4994512593720994], [0.8579227565796029, 0.3336918250721907, -0.3906639343769091, -0.8305234523643279], [-0.2159754688582637, 0.9241604495302225, 0.3150905590073279, 0.1935561616765051], [0.0, 0.0, 0.0, 1.0]]}, {"file_path": "train_images/03868_image", "transform_matrix": [[0.4661793009071816, -0.18594953456270785, 0.8649275287569494, 1.4994512593720994], [0.8579227565796029, 0.3336918250721907, -0.3906639343769091, -0.8305234523643279], [-0.2159754688582637, 0.9241604495302225, 0.3150905590073279, 0.1935561616765051], [0.0, 0.0, 0.0, 1.0]]}, {"file_path": "train_images/03868_image", "transform_matrix": [[0.4661793009071816, -0.18594953456270785, 0.8649275287569494, 1.4994512593720994], [0.8579227565796029, 0.3336918250721907, -0.3906639343769091, -0.8305234523643279], [-0.2159754688582637, 0.9241604495302225, 0.3150905590073279, 0.1935561616765051], [0.0, 0.0, 0.0, 1.0]]}, {"file_path": "train_images/03868_image", "transform_matrix": [[0.4661793009071816, -0.18594953456270785, 0.8649275287569494, 1.4994512593720994], [0.8579227565796029, 0.3336918250721907, -0.3906639343769091, -0.8305234523643279], [-0.2159754688582637, 0.9241604495302225, 0.3150905590073279, 0.1935561616765051], [0.0, 0.0, 0.0, 1.0]]}, {"file_path": "train_images/03868_image", "transform_matrix": [[0.4661793009071816, -0.18594953456270785, 0.8649275287569494, 1.4994512593720994], [0.8579227565796029, 0.3336918250721907, -0.3906639343769091, -0.8305234523643279], [-0.2159754688582637, 0.9241604495302225, 0.3150905590073279, 0.1935561616765051], [0.0, 0.0, 0.0, 1.0]]}, {"file_path": "train_images/03868_image", "transform_matrix": [[0.4661793009071816, -0.18594953456270785, 0.8649275287569494, 1.4994512593720994], [0.8579227565796029, 0.3336918250721907, -0.3906639343769091, -0.8305234523643279], [-0.2159754688582637, 0.9241604495302225, 0.3150905590073279, 0.1935561616765051], [0.0, 0.0, 0.0, 1.0]]}, {"file_path": "train_images/03868_image", "transform_matrix": [[0.4661793009071816, -0.18594953456270785, 0.8649275287569494, 1.4994512593720994], [0.8579227565796029, 0.3336918250721907, -0.3906639343769091, -0.8305234523643279], [-0.2159754688582637, 0.9241604495302225, 0.3150905590073279, 0.1935561616765051], [0.0, 0.0, 0.0, 1.0]]}, {"file_path": "train_images/04082_image", "transform_matrix": [[0.5145623255797197, 0.3792009104442803, -0.7690463462056233, -1.4690851599581645], [-0.830069293881141, -0.004561831837155111, -0.5576416026857692, -0.8812280650549008], [-0.2149664635464199, 0.9253031174747648, 0.31241568517253937, 0.18654605949796996], [0.0, 0.0, 0.0, 1.0]]}, {"file_path": "train_images/04082_image", "transform_matrix": [[0.5145623255797197, 0.3792009104442803, -0.7690463462056233, -1.4690851599581645], [-0.830069293881141, -0.004561831837155111, -0.5576416026857692, -0.8812280650549008], [-0.2149664635464199, 0.9253031174747648, 0.31241568517253937, 0.18654605949796996], [0.0, 0.0, 0.0, 1.0]]}, {"file_path": "train_images/04082_image", "transform_matrix": [[0.5145623255797197, 0.3792009104442803, -0.7690463462056233, -1.4690851599581645], [-0.830069293881141, -0.004561831837155111, -0.5576416026857692, -0.8812280650549008], [-0.2149664635464199, 0.9253031174747648, 0.31241568517253937, 0.18654605949796996], [0.0, 0.0, 0.0, 1.0]]}, {"file_path": "train_images/04082_image", "transform_matrix": [[0.5145623255797197, 0.3792009104442803, -0.7690463462056233, -1.4690851599581645], [-0.830069293881141, -0.004561831837155111, -0.5576416026857692, -0.8812280650549008], [-0.2149664635464199, 0.9253031174747648, 0.31241568517253937, 0.18654605949796996], [0.0, 0.0, 0.0, 1.0]]}, {"file_path": "train_images/04082_image", "transform_matrix": [[0.5145623255797197, 0.3792009104442803, -0.7690463462056233, -1.4690851599581645], [-0.830069293881141, -0.004561831837155111, -0.5576416026857692, -0.8812280650549008], [-0.2149664635464199, 0.9253031174747648, 0.31241568517253937, 0.18654605949796996], [0.0, 0.0, 0.0, 1.0]]}, {"file_path": "train_images/04082_image", "transform_matrix": [[0.5145623255797197, 0.3792009104442803, -0.7690463462056233, -1.4690851599581645], [-0.830069293881141, -0.004561831837155111, -0.5576416026857692, -0.8812280650549008], [-0.2149664635464199, 0.9253031174747648, 0.31241568517253937, 0.18654605949796996], [0.0, 0.0, 0.0, 1.0]]}, {"file_path": "train_images/04082_image", "transform_matrix": [[0.5145623255797197, 0.3792009104442803, -0.7690463462056233, -1.4690851599581645], [-0.830069293881141, -0.004561831837155111, -0.5576416026857692, -0.8812280650549008], [-0.2149664635464199, 0.9253031174747648, 0.31241568517253937, 0.18654605949796996], [0.0, 0.0, 0.0, 1.0]]}, {"file_path": "train_images/04082_image", "transform_matrix": [[0.5145623255797197, 0.3792009104442803, -0.7690463462056233, -1.4690851599581645], [-0.830069293881141, -0.004561831837155111, -0.5576416026857692, -0.8812280650549008], [-0.2149664635464199, 0.9253031174747648, 0.31241568517253937, 0.18654605949796996], [0.0, 0.0, 0.0, 1.0]]}, {"file_path": "train_images/04044_image", "transform_matrix": [[-0.9734499986332236, -0.1801570394467863, -0.14120389972924255, -0.10917247168780275], [-0.07434694118593459, -0.33458524978976134, 0.939428146778357, 1.7151967146053924], [-0.21648933575876683, 0.924984406225798, 0.3123078861345576, 0.18565291348998425], [0.0, 0.0, 0.0, 1.0]]}, {"file_path": "train_images/04044_image", "transform_matrix": [[-0.9734499986332236, -0.1801570394467863, -0.14120389972924255, -0.10917247168780275], [-0.07434694118593459, -0.33458524978976134, 0.939428146778357, 1.7151967146053924], [-0.21648933575876683, 0.924984406225798, 0.3123078861345576, 0.18565291348998425], [0.0, 0.0, 0.0, 1.0]]}, {"file_path": "train_images/04044_image", "transform_matrix": [[-0.9734499986332236, -0.1801570394467863, -0.14120389972924255, -0.10917247168780275], [-0.07434694118593459, -0.33458524978976134, 0.939428146778357, 1.7151967146053924], [-0.21648933575876683, 0.924984406225798, 0.3123078861345576, 0.18565291348998425], [0.0, 0.0, 0.0, 1.0]]}, {"file_path": "train_images/04044_image", "transform_matrix": [[-0.9734499986332236, -0.1801570394467863, -0.14120389972924255, -0.10917247168780275], [-0.07434694118593459, -0.33458524978976134, 0.939428146778357, 1.7151967146053924], [-0.21648933575876683, 0.924984406225798, 0.3123078861345576, 0.18565291348998425], [0.0, 0.0, 0.0, 1.0]]}]}