{"camera_angle_x": 0.8836704333486497, "camera_angle_y": 0.6819013496909203, "fl_x": 1522.1201085541113, "fl_y": 1521.954743529035, "k1": 0.0652210706564525, "k2": 0.23102137964696204, "p1": -0.0018667704274258755, "p2": -0.00035823757611365637, "cx": 727.9348613007779, "cy": 541.5426465751151, "w": 1440, "h": 1080, "aabb_scale": 1, "frames": [{"file_path": "train_images/04012_image", "transform_matrix": [[-0.9746838826054014, -0.20016633180271096, -0.0996231328653497, -0.034246367566929115], [-0.03258048422480104, -0.31366061004455764, 0.9489760448789808, 1.7307005342126986], [-0.22120090650116603, 0.9281974258309075, 0.2991984252029737, 0.15517062247760602], [0.0, 0.0, 0.0, 1.0]]}, {"file_path": "train_images/04012_image", "transform_matrix": [[-0.9746838826054014, -0.20016633180271096, -0.0996231328653497, -0.034246367566929115], [-0.03258048422480104, -0.31366061004455764, 0.9489760448789808, 1.7307005342126986], [-0.22120090650116603, 0.9281974258309075, 0.2991984252029737, 0.15517062247760602], [0.0, 0.0, 0.0, 1.0]]}, {"file_path": "train_images/04012_image", "transform_matrix": [[-0.9746838826054014, -0.20016633180271096, -0.0996231328653497, -0.034246367566929115], [-0.03258048422480104, -0.31366061004455764, 0.9489760448789808, 1.7307005342126986], [-0.22120090650116603, 0.9281974258309075, 0.2991984252029737, 0.15517062247760602], [0.0, 0.0, 0.0, 1.0]]}, {"file_path": "train_images/04012_image", "transform_matrix": [[-0.9746838826054014, -0.20016633180271096, -0.0996231328653497, -0.034246367566929115], [-0.03258048422480104, -0.31366061004455764, 0.9489760448789808, 1.7307005342126986], [-0.22120090650116603, 0.9281974258309075, 0.2991984252029737, 0.15517062247760602], [0.0, 0.0, 0.0, 1.0]]}, {"file_path": "train_images/03967_image", "transform_matrix": [[0.3773251405832866, -0.20221708939125937, 0.9037333605892449, 1.5840846117097087], [0.8994534063494299, 0.31235129297145303, -0.3056472469783895, -0.6819956936043072], [-0.22047518701706578, 0.9281944400486295, 0.2997428454068603, 0.15667489756027247], [0.0, 0.0, 0.0, 1.0]]}, {"file_path": "train_images/03967_image", "transform_matrix": [[0.3773251405832866, -0.20221708939125937, 0.9037333605892449, 1.5840846117097087], [0.8994534063494299, 0.31235129297145303, -0.3056472469783895, -0.6819956936043072], [-0.22047518701706578, 0.9281944400486295, 0.2997428454068603, 0.15667489756027247], [0.0, 0.0, 0.0, 1.0]]}, {"file_path": "train_images/03967_image", "transform_matrix": [[0.3773251405832866, -0.20221708939125937, 0.9037333605892449, 1.5840846117097087], [0.8994534063494299, 0.31235129297145303, -0.3056472469783895, -0.6819956936043072], [-0.22047518701706578, 0.9281944400486295, 0.2997428454068603, 0.15667489756027247], [0.0, 0.0, 0.0, 1.0]]}, {"file_path": "train_images/03967_image", "transform_matrix": [[0.3773251405832866, -0.20221708939125937, 0.9037333605892449, 1.5840846117097087], [0.8994534063494299, 0.31235129297145303, -0.3056472469783895, -0.6819956936043072], [-0.22047518701706578, 0.9281944400486295, 0.2997428454068603, 0.15667489756027247], [0.0, 0.0, 0.0, 1.0]]}, {"file_path": "train_images/03967_image", "transform_matrix": [[0.3773251405832866, -0.20221708939125937, 0.9037333605892449, 1.5840846117097087], [0.8994534063494299, 0.31235129297145303, -0.3056472469783895, -0.6819956936043072], [-0.22047518701706578, 0.9281944400486295, 0.2997428454068603, 0.15667489756027247], [0.0, 0.0, 0.0, 1.0]]}, {"file_path": "train_images/03967_image", "transform_matrix": [[0.3773251405832866, -0.20221708939125937, 0.9037333605892449, 1.5840846117097087], [0.8994534063494299, 0.31235129297145303, -0.3056472469783895, -0.6819956936043072], [-0.22047518701706578, 0.9281944400486295, 0.2997428454068603, 0.15667489756027247], [0.0, 0.0, 0.0, 1.0]]}, {"file_path": "train_images/03967_image", "transform_matrix": [[0.3773251405832866, -0.20221708939125937, 0.9037333605892449, 1.5840846117097087], [0.8994534063494299, 0.31235129297145303, -0.3056472469783895, -0.6819956936043072], [-0.22047518701706578, 0.9281944400486295, 0.2997428454068603, 0.15667489756027247], [0.0, 0.0, 0.0, 1.0]]}, {"file_path": "train_images/03967_image", "transform_matrix": [[0.3773251405832866, -0.20221708939125937, 0.9037333605892449, 1.5840846117097087], [0.8994534063494299, 0.31235129297145303, -0.3056472469783895, -0.6819956936043072], [-0.22047518701706578, 0.9281944400486295, 0.2997428454068603, 0.15667489756027247], [0.0, 0.0, 0.0, 1.0]]}, {"file_path": "train_images/03967_image", "transform_matrix": [[0.3773251405832866, -0.20221708939125937, 0.9037333605892449, 1.5840846117097087], [0.8994534063494299, 0.31235129297145303, -0.3056472469783895, -0.6819956936043072], [-0.22047518701706578, 0.9281944400486295, 0.2997428454068603, 0.15667489756027247], [0.0, 0.0, 0.0, 1.0]]}, {"file_path": "train_images/04057_image", "transform_matrix": [[0.49895202521079746, 0.36606799109342647, -0.7855196384781648, -1.499785708631207], [-0.8389992779119992, -0.02301209315944014, -0.5436457074525328, -0.8582274662348863], [-0.21708774309294263, 0.930303536199473, 0.2956488497078388, 0.15052428502586354], [0.0, 0.0, 0.0, 1.0]]}, {"file_path": "train_images/04057_image", "transform_matrix": [[0.49895202521079746, 0.36606799109342647, -0.7855196384781648, -1.499785708631207], [-0.8389992779119992, -0.02301209315944014, -0.5436457074525328, -0.8582274662348863], [-0.21708774309294263, 0.930303536199473, 0.2956488497078388, 0.15052428502586354], [0.0, 0.0, 0.0, 1.0]]}, {"file_path": "train_images/04057_image", "transform_matrix": [[0.49895202521079746, 0.36606799109342647, -0.7855196384781648, -1.499785708631207], [-0.8389992779119992, -0.02301209315944014, -0.5436457074525328, -0.8582274662348863], [-0.21708774309294263, 0.930303536199473, 0.2956488497078388, 0.15052428502586354], [0.0, 0.0, 0.0, 1.0]]}, {"file_path": "train_images/04057_image", "transform_matrix": [[0.49895202521079746, 0.36606799109342647, -0.7855196384781648, -1.499785708631207], [-0.8389992779119992, -0.02301209315944014, -0.5436457074525328, -0.8582274662348863], [-0.21708774309294263, 0.930303536199473, 0.2956488497078388, 0.15052428502586354], [0.0, 0.0, 0.0, 1.0]]}, {"file_path": "train_images/04057_image", "transform_matrix": [[0.49895202521079746, 0.36606799109342647, -0.7855196384781648, -1.499785708631207], [-0.8389992779119992, -0.02301209315944014, -0.5436457074525328, -0.8582274662348863], [-0.21708774309294263, 0.930303536199473, 0.2956488497078388, 0.15052428502586354], [0.0, 0.0, 0.0, 1.0]]}, {"file_path": "train_images/04057_image", "transform_matrix": [[0.49895202521079746, 0.36606799109342647, -0.7855196384781648, -1.499785708631207], [-0.8389992779119992, -0.02301209315944014, -0.5436457074525328, -0.8582274662348863], [-0.21708774309294263, 0.930303536199473, 0.2956488497078388, 0.15052428502586354], [0.0, 0.0, 0.0, 1.0]]}, {"file_path": "train_images/04057_image", "transform_matrix": [[0.49895202521079746, 0.36606799109342647, -0.7855196384781648, -1.499785708631207], [-0.8389992779119992, -0.02301209315944014, -0.5436457074525328, -0.8582274662348863], [-0.21708774309294263, 0.930303536199473, 0.2956488497078388, 0.15052428502586354], [0.0, 0.0, 0.0, 1.0]]}, {"file_path": "train_images/04057_image", "transform_matrix": [[0.49895202521079746, 0.36606799109342647, -0.7855196384781648, -1.499785708631207], [-0.8389992779119992, -0.02301209315944014, -0.5436457074525328, -0.8582274662348863], [-0.21708774309294263, 0.930303536199473, 0.2956488497078388, 0.15052428502586354], [0.0, 0.0, 0.0, 1.0]]}, {"file_path": "train_images/04012_image", "transform_matrix": [[-0.9746838826054014, -0.20016633180271096, -0.0996231328653497, -0.034246367566929115], [-0.03258048422480104, -0.31366061004455764, 0.9489760448789808, 1.7307005342126986], [-0.22120090650116603, 0.9281974258309075, 0.2991984252029737, 0.15517062247760602], [0.0, 0.0, 0.0, 1.0]]}, {"file_path": "train_images/04012_image", "transform_matrix": [[-0.9746838826054014, -0.20016633180271096, -0.0996231328653497, -0.034246367566929115], [-0.03258048422480104, -0.31366061004455764, 0.9489760448789808, 1.7307005342126986], [-0.22120090650116603, 0.9281974258309075, 0.2991984252029737, 0.15517062247760602], [0.0, 0.0, 0.0, 1.0]]}, {"file_path": "train_images/04012_image", "transform_matrix": [[-0.9746838826054014, -0.20016633180271096, -0.0996231328653497, -0.034246367566929115], [-0.03258048422480104, -0.31366061004455764, 0.9489760448789808, 1.7307005342126986], [-0.22120090650116603, 0.9281974258309075, 0.2991984252029737, 0.15517062247760602], [0.0, 0.0, 0.0, 1.0]]}, {"file_path": "train_images/04012_image", "transform_matrix": [[-0.9746838826054014, -0.20016633180271096, -0.0996231328653497, -0.034246367566929115], [-0.03258048422480104, -0.31366061004455764, 0.9489760448789808, 1.7307005342126986], [-0.22120090650116603, 0.9281974258309075, 0.2991984252029737, 0.15517062247760602], [0.0, 0.0, 0.0, 1.0]]}]}